2 10 360 4
450 200
450 200
450 200
450 200
1 70.769 -29.196 20 25 1 4 1 2 4 8
2 -79.231 74.084 15 13 1 4 1 2 4 8
3 97.576 -85.391 10 19 1 4 1 2 4 8
4 68.832 -19.019 5 14 1 4 1 2 4 8
5 -87.907 91.417 12 16 1 4 1 2 4 8
6 -27.185 1.319 11 14 1 4 1 2 4 8
7 49.321 40.594 16 4 1 4 1 2 4 8
8 93.058 62.799 21 14 1 4 1 2 4 8
9 66.827 -43.508 23 11 1 4 1 2 4 8
10 77.556 98.223 14 20 1 4 1 2 4 8
11 -60.744 86.188 20 20 1 4 1 2 4 8
12 79.995 -50.762 25 14 1 4 1 2 4 8
13 64.497 14.175 8 14 1 4 1 2 4 8
14 94.934 54.93 7 23 1 4 1 2 4 8
15 -52.087 66.721 11 23 1 4 1 2 4 8
16 15.07 8.961 12 23 1 4 1 2 4 8
17 35.846 -64.678 3 7 1 4 1 2 4 8
18 23.023 83.251 5 12 1 4 1 2 4 8
19 -11.115 10.705 12 23 1 4 1 2 4 8
20 64.93 39.527 4 23 1 4 1 2 4 8
21 -70.629 -90.927 11 12 1 4 1 2 4 8
22 -87.41 68.209 10 3 1 4 1 2 4 8
23 27.174 -34.118 9 20 1 4 1 2 4 8
24 -53.887 46.247 12 9 1 4 1 2 4 8
25 -95.191 -1.038 17 3 1 4 1 2 4 8
26 19.02 74.803 7 13 1 4 1 2 4 8
27 -26.046 -12.517 1 24 1 4 1 2 4 8
28 19.23 74.597 2 9 1 4 1 2 4 8
29 -95.339 60.508 24 13 1 4 1 2 4 8
30 48.564 -11.497 2 23 1 4 1 2 4 8
31 42.316 -4.864 24 17 1 4 1 2 4 8
32 43.546 61.968 11 24 1 4 1 2 4 8
33 29.527 -98.943 22 7 1 4 1 2 4 8
34 42.071 -69.016 7 14 1 4 1 2 4 8
35 -45.613 29.637 13 20 1 4 1 2 4 8
36 -9.572 -86.566 3 23 1 4 1 2 4 8
37 3.917 33.51 20 5 1 4 1 2 4 8
38 85.217 -79.948 20 18 1 4 1 2 4 8
39 57.628 80.163 19 5 1 4 1 2 4 8
40 96.538 57.972 21 18 1 4 1 2 4 8
41 91.649 -41.534 23 20 1 4 1 2 4 8
42 9.78 93.652 15 19 1 4 1 2 4 8
43 63.531 94.46 21 2 1 4 1 2 4 8
44 77.053 47.884 12 17 1 4 1 2 4 8
45 -36.597 -47.695 5 9 1 4 1 2 4 8
46 -72.402 23.878 24 1 1 4 1 2 4 8
47 -78.868 -50.176 17 18 1 4 1 2 4 8
48 4.082 -89.608 23 1 1 4 1 2 4 8
49 0.059 92.423 17 12 1 4 1 2 4 8
50 -76.866 47.64 16 20 1 4 1 2 4 8
51 83.604 -95.448 9 2 1 4 1 2 4 8
52 93.73 52.683 5 5 1 4 1 2 4 8
53 59.516 22.106 5 16 1 4 1 2 4 8
54 -77.177 -94.324 18 8 1 4 1 2 4 8
55 34.638 -85.192 10 21 1 4 1 2 4 8
56 -55.442 -62.205 18 25 1 4 1 2 4 8
57 -98.137 -73.146 19 7 1 4 1 2 4 8
58 -73.753 -18.809 18 1 1 4 1 2 4 8
59 -13.928 37.488 22 21 1 4 1 2 4 8
60 82.692 -16.542 10 5 1 4 1 2 4 8
61 19.734 73.01 1 16 1 4 1 2 4 8
62 -97.99 57.599 7 13 1 4 1 2 4 8
63 57.439 -82.957 14 1 1 4 1 2 4 8
64 -82.281 47.029 12 5 1 4 1 2 4 8
65 44.269 -40.427 2 8 1 4 1 2 4 8
66 95.576 -2.344 13 15 1 4 1 2 4 8
67 -8.428 -84.828 23 5 1 4 1 2 4 8
68 66.208 -86.82 11 2 1 4 1 2 4 8
69 66.656 -78.973 9 22 1 4 1 2 4 8
70 40.64 90.624 17 21 1 4 1 2 4 8
71 3.163 -41.893 22 6 1 4 1 2 4 8
72 62.926 93.578 25 23 1 4 1 2 4 8
73 -88.784 48.968 11 20 1 4 1 2 4 8
74 -35.348 69.916 13 22 1 4 1 2 4 8
75 48.137 21.153 11 6 1 4 1 2 4 8
76 -87.774 53.083 13 10 1 4 1 2 4 8
77 -33.654 28.555 2 15 1 4 1 2 4 8
78 -81.397 -82.066 2 2 1 4 1 2 4 8
79 92.41 -10.076 7 16 1 4 1 2 4 8
80 70.726 -85.392 3 24 1 4 1 2 4 8
81 35.108 40.007 19 18 1 4 1 2 4 8
82 -54.311 90.973 10 19 1 4 1 2 4 8
83 35.154 33.779 24 17 1 4 1 2 4 8
84 -33.562 -83.864 23 6 1 4 1 2 4 8
85 42.256 -55.045 16 1 1 4 1 2 4 8
86 -94.215 -36.933 2 20 1 4 1 2 4 8
87 89.73 42.601 13 20 1 4 1 2 4 8
88 -57.644 65.021 7 24 1 4 1 2 4 8
89 -78.914 80.272 10 17 1 4 1 2 4 8
90 23.701 24.168 20 13 1 4 1 2 4 8
91 79.622 96.988 25 14 1 4 1 2 4 8
92 -63.145 -5.725 4 10 1 4 1 2 4 8
93 93.216 8.942 17 14 1 4 1 2 4 8
94 -13.405 93.229 8 16 1 4 1 2 4 8
95 -50.427 -72.999 3 24 1 4 1 2 4 8
96 -84.72 -67.492 11 25 1 4 1 2 4 8
97 44.419 41.31 11 22 1 4 1 2 4 8
98 -62.745 65.696 5 19 1 4 1 2 4 8
99 56.967 40.619 5 7 1 4 1 2 4 8
100 60.497 -71.289 18 16 1 4 1 2 4 8
101 59.729 -28.772 9 4 1 4 1 2 4 8
102 27.977 10.761 9 23 1 4 1 2 4 8
103 -11.22 55.675 3 20 1 4 1 2 4 8
104 15.038 -71.58 22 3 1 4 1 2 4 8
105 2.362 -68.305 2 14 1 4 1 2 4 8
106 58.311 48.743 3 19 1 4 1 2 4 8
107 -68.317 85.241 12 15 1 4 1 2 4 8
108 61.408 -70.084 23 7 1 4 1 2 4 8
109 26.996 69.617 17 21 1 4 1 2 4 8
110 62.101 -59.575 14 16 1 4 1 2 4 8
111 65.2 -79.032 11 20 1 4 1 2 4 8
112 28.54 -57.815 24 18 1 4 1 2 4 8
113 -70.423 -80.983 1 23 1 4 1 2 4 8
114 88.97 -62.216 24 16 1 4 1 2 4 8
115 90.236 65.352 19 12 1 4 1 2 4 8
116 50.477 43.724 5 19 1 4 1 2 4 8
117 63.462 15.785 21 22 1 4 1 2 4 8
118 -96.279 -76.955 3 8 1 4 1 2 4 8
119 -6.412 -8.384 4 12 1 4 1 2 4 8
120 -88.11 36.757 13 11 1 4 1 2 4 8
121 57.635 74.254 7 21 1 4 1 2 4 8
122 75.649 -22.328 21 20 1 4 1 2 4 8
123 22.128 -58.142 4 3 1 4 1 2 4 8
124 -80.607 -68.704 25 5 1 4 1 2 4 8
125 77.577 55.188 23 4 1 4 1 2 4 8
126 44.177 29.352 17 11 1 4 1 2 4 8
127 31.48 34.232 22 12 1 4 1 2 4 8
128 -53.086 30.88 2 7 1 4 1 2 4 8
129 -29.757 -67.398 22 9 1 4 1 2 4 8
130 55.592 -74.02 18 16 1 4 1 2 4 8
131 -25.893 35.631 13 17 1 4 1 2 4 8
132 20.784 20.082 1 16 1 4 1 2 4 8
133 46.345 -91.145 15 13 1 4 1 2 4 8
134 -66.123 -46.35 20 23 1 4 1 2 4 8
135 75.201 -35.894 10 3 1 4 1 2 4 8
136 36.561 60.148 5 7 1 4 1 2 4 8
137 61.374 97.776 22 7 1 4 1 2 4 8
138 81.275 81.851 25 19 1 4 1 2 4 8
139 -49.189 -60.161 7 4 1 4 1 2 4 8
140 44.034 -53.23 10 25 1 4 1 2 4 8
141 37.828 -68.314 16 25 1 4 1 2 4 8
142 -53.671 -23.869 10 19 1 4 1 2 4 8
143 -57.209 44.528 18 17 1 4 1 2 4 8
144 39.521 -95.385 7 15 1 4 1 2 4 8
145 -91.131 -65.33 22 25 1 4 1 2 4 8
146 8.347 65.426 3 13 1 4 1 2 4 8
147 75.979 89.084 14 21 1 4 1 2 4 8
148 99.637 -49.794 9 12 1 4 1 2 4 8
149 -23.496 95.279 25 14 1 4 1 2 4 8
150 -79.277 -22.748 22 3 1 4 1 2 4 8
151 15.242 95.652 22 8 1 4 1 2 4 8
152 -84.997 -0.574 3 6 1 4 1 2 4 8
153 91.039 69.953 21 7 1 4 1 2 4 8
154 -60.235 81.351 5 18 1 4 1 2 4 8
155 17.006 56.009 21 9 1 4 1 2 4 8
156 -66.73 -41.659 24 21 1 4 1 2 4 8
157 -4.533 9.104 25 3 1 4 1 2 4 8
158 -6.237 85.991 4 21 1 4 1 2 4 8
159 -75.497 97.859 7 21 1 4 1 2 4 8
160 7.882 40.441 2 8 1 4 1 2 4 8
161 -52.731 99.84 17 22 1 4 1 2 4 8
162 89.001 21.294 23 16 1 4 1 2 4 8
163 -29.736 -36.741 22 8 1 4 1 2 4 8
164 19.658 -61.825 7 20 1 4 1 2 4 8
165 83.76 -44.755 1 24 1 4 1 2 4 8
166 -81.878 -88.726 16 3 1 4 1 2 4 8
167 15.145 38.068 1 2 1 4 1 2 4 8
168 71.735 46.04 24 15 1 4 1 2 4 8
169 58.221 92.206 14 22 1 4 1 2 4 8
170 -34.867 -90.024 8 6 1 4 1 2 4 8
171 4.769 90.88 24 22 1 4 1 2 4 8
172 -79.62 43.504 19 4 1 4 1 2 4 8
173 79.308 -61.354 8 10 1 4 1 2 4 8
174 -97.764 4.529 4 16 1 4 1 2 4 8
175 -71.019 18.95 17 5 1 4 1 2 4 8
176 -63.107 50.759 4 10 1 4 1 2 4 8
177 70.727 97.116 8 19 1 4 1 2 4 8
178 98.13 -21.122 10 16 1 4 1 2 4 8
179 90.441 89.427 2 2 1 4 1 2 4 8
180 -89.295 -86.07 17 19 1 4 1 2 4 8
181 54.095 31.333 9 21 1 4 1 2 4 8
182 -47.018 -99.842 16 23 1 4 1 2 4 8
183 77.426 -32.749 12 20 1 4 1 2 4 8
184 -50.837 44.492 19 11 1 4 1 2 4 8
185 -24.373 -41.795 12 22 1 4 1 2 4 8
186 -79.746 52.476 16 2 1 4 1 2 4 8
187 21.31 -51.234 2 20 1 4 1 2 4 8
188 57.616 68.896 14 2 1 4 1 2 4 8
189 -34.608 -70.334 13 16 1 4 1 2 4 8
190 -42.363 92.175 17 2 1 4 1 2 4 8
191 43.436 -18.255 17 12 1 4 1 2 4 8
192 -68.816 28.156 2 22 1 4 1 2 4 8
193 79.252 99.155 6 10 1 4 1 2 4 8
194 73.23 2.06 12 16 1 4 1 2 4 8
195 -8.354 41.97 23 7 1 4 1 2 4 8
196 56.291 -85.561 2 4 1 4 1 2 4 8
197 65.575 15.525 16 20 1 4 1 2 4 8
198 89.525 0.676 22 6 1 4 1 2 4 8
199 -86.819 -15.437 7 18 1 4 1 2 4 8
200 -75.8 30.985 15 23 1 4 1 2 4 8
201 28.025 64.54 23 22 1 4 1 2 4 8
202 -88.73 20.473 15 9 1 4 1 2 4 8
203 68.548 47.348 22 25 1 4 1 2 4 8
204 -67.247 -58.783 1 3 1 4 1 2 4 8
205 84.605 -23.11 1 6 1 4 1 2 4 8
206 -14.231 82.473 8 20 1 4 1 2 4 8
207 -40.406 -74.69 25 16 1 4 1 2 4 8
208 -24.282 78.877 22 10 1 4 1 2 4 8
209 -28.25 -84.13 20 9 1 4 1 2 4 8
210 64.565 -26.288 16 25 1 4 1 2 4 8
211 85.108 -52.882 6 4 1 4 1 2 4 8
212 -79.472 45.79 19 19 1 4 1 2 4 8
213 -5.336 88.046 21 10 1 4 1 2 4 8
214 -78.764 49.502 2 4 1 4 1 2 4 8
215 -63.111 73.002 19 20 1 4 1 2 4 8
216 -3.891 -99.948 11 2 1 4 1 2 4 8
217 7.549 -5.308 14 1 1 4 1 2 4 8
218 19.123 -27.018 21 15 1 4 1 2 4 8
219 44.737 -16.687 5 9 1 4 1 2 4 8
220 72.585 -74.851 9 20 1 4 1 2 4 8
221 -16.839 37.726 17 8 1 4 1 2 4 8
222 94.261 92.015 12 15 1 4 1 2 4 8
223 56.192 -84.283 18 3 1 4 1 2 4 8
224 68.635 26.727 21 17 1 4 1 2 4 8
225 -99.17 28.876 3 25 1 4 1 2 4 8
226 -45.074 50.54 14 16 1 4 1 2 4 8
227 3.857 92.612 22 20 1 4 1 2 4 8
228 20.222 -69.211 15 20 1 4 1 2 4 8
229 -40.476 -77.39 14 21 1 4 1 2 4 8
230 -57.198 -72.777 11 23 1 4 1 2 4 8
231 56.312 65.402 20 19 1 4 1 2 4 8
232 69.7 80.937 16 5 1 4 1 2 4 8
233 90.906 -9.33 5 16 1 4 1 2 4 8
234 -97.436 65.063 4 18 1 4 1 2 4 8
235 42.06 31.785 20 21 1 4 1 2 4 8
236 -73.499 21.246 21 11 1 4 1 2 4 8
237 -85.046 -27.866 15 8 1 4 1 2 4 8
238 49.337 -89.743 11 12 1 4 1 2 4 8
239 35.597 -19.54 20 17 1 4 1 2 4 8
240 -61.688 37.016 10 2 1 4 1 2 4 8
241 42.689 -45.019 14 5 1 4 1 2 4 8
242 92.79 -94.538 23 8 1 4 1 2 4 8
243 24.999 -60.03 4 14 1 4 1 2 4 8
244 -59.224 -77.116 20 23 1 4 1 2 4 8
245 90.548 30.961 25 2 1 4 1 2 4 8
246 -12.275 88.35 8 6 1 4 1 2 4 8
247 55.234 16.229 7 24 1 4 1 2 4 8
248 27.81 98.151 4 16 1 4 1 2 4 8
249 -3.149 -65.864 1 14 1 4 1 2 4 8
250 98.907 -38.92 23 24 1 4 1 2 4 8
251 32.179 79.962 20 19 1 4 1 2 4 8
252 28.28 68.653 22 12 1 4 1 2 4 8
253 18.019 -32.892 6 5 1 4 1 2 4 8
254 -6.911 -77.002 24 5 1 4 1 2 4 8
255 -11.851 64.795 16 10 1 4 1 2 4 8
256 51.136 -85.981 11 1 1 4 1 2 4 8
257 36.686 -22.851 1 20 1 4 1 2 4 8
258 -67.853 -98.845 23 2 1 4 1 2 4 8
259 -80.102 -3.15 2 13 1 4 1 2 4 8
260 87.073 -2.082 16 3 1 4 1 2 4 8
261 -57.074 2.351 16 19 1 4 1 2 4 8
262 75.097 74.816 2 14 1 4 1 2 4 8
263 73.501 3.689 20 12 1 4 1 2 4 8
264 68.862 74.515 7 12 1 4 1 2 4 8
265 -27.734 -38.551 17 7 1 4 1 2 4 8
266 81.097 89.536 4 9 1 4 1 2 4 8
267 78.878 -45.516 23 16 1 4 1 2 4 8
268 23.462 -92.327 12 13 1 4 1 2 4 8
269 -83.392 16.664 18 10 1 4 1 2 4 8
270 -67.957 94.658 2 11 1 4 1 2 4 8
271 7.112 -49.165 7 18 1 4 1 2 4 8
272 -83.452 73.871 14 18 1 4 1 2 4 8
273 94.96 -64.55 24 4 1 4 1 2 4 8
274 84.39 28.653 25 5 1 4 1 2 4 8
275 71.381 -95.378 3 16 1 4 1 2 4 8
276 -32.943 -64.505 7 18 1 4 1 2 4 8
277 -42.012 37.956 3 21 1 4 1 2 4 8
278 -27.482 -72.12 4 8 1 4 1 2 4 8
279 13.155 -61.826 12 13 1 4 1 2 4 8
280 88.124 54.19 22 19 1 4 1 2 4 8
281 -68.968 -71.299 1 22 1 4 1 2 4 8
282 -97.041 9.426 19 2 1 4 1 2 4 8
283 -81.893 -61.942 16 5 1 4 1 2 4 8
284 86.794 -37.83 15 5 1 4 1 2 4 8
285 18.363 29.664 9 18 1 4 1 2 4 8
286 -50.519 95.311 23 8 1 4 1 2 4 8
287 51.922 13.562 25 24 1 4 1 2 4 8
288 -63.163 -54.967 19 9 1 4 1 2 4 8
289 -97.65 23.888 15 1 1 4 1 2 4 8
290 -6.737 28.808 13 16 1 4 1 2 4 8
291 10.109 -92.166 10 7 1 4 1 2 4 8
292 -45.46 -3.36 20 14 1 4 1 2 4 8
293 81.001 47.966 18 2 1 4 1 2 4 8
294 -44.665 -58.114 4 15 1 4 1 2 4 8
295 55.571 -22.96 22 11 1 4 1 2 4 8
296 84.259 -75.528 3 6 1 4 1 2 4 8
297 84.793 68.606 10 3 1 4 1 2 4 8
298 34.711 -40.102 25 22 1 4 1 2 4 8
299 -89.04 -7.186 16 13 1 4 1 2 4 8
300 -61.039 40.829 13 19 1 4 1 2 4 8
301 -24.26 -11.067 11 3 1 4 1 2 4 8
302 64.501 -53.568 15 10 1 4 1 2 4 8
303 -0.296 83.299 8 10 1 4 1 2 4 8
304 -57.614 -52.736 16 11 1 4 1 2 4 8
305 49.224 34.873 23 13 1 4 1 2 4 8
306 -9.184 -93.817 24 11 1 4 1 2 4 8
307 32.108 -19.172 1 23 1 4 1 2 4 8
308 -88.309 -56.421 10 9 1 4 1 2 4 8
309 -80.604 -91.908 1 16 1 4 1 2 4 8
310 95.905 66.735 13 16 1 4 1 2 4 8
311 80.853 70.21 11 18 1 4 1 2 4 8
312 -15.086 86.436 14 18 1 4 1 2 4 8
313 -36.493 58.852 6 16 1 4 1 2 4 8
314 42.46 -68.931 25 10 1 4 1 2 4 8
315 -50.904 87.312 12 2 1 4 1 2 4 8
316 -71.612 -23.398 21 20 1 4 1 2 4 8
317 92.321 35.984 24 16 1 4 1 2 4 8
318 48.304 35.815 4 11 1 4 1 2 4 8
319 11.621 -71.534 23 12 1 4 1 2 4 8
320 -14.256 64.879 16 23 1 4 1 2 4 8
321 -23.533 40.119 13 20 1 4 1 2 4 8
322 -0.337 53.996 15 24 1 4 1 2 4 8
323 -53.791 73.958 17 6 1 4 1 2 4 8
324 -36.616 -99.178 22 9 1 4 1 2 4 8
325 33.47 -93.486 15 17 1 4 1 2 4 8
326 -98.427 -35.969 6 17 1 4 1 2 4 8
327 94.118 -46.456 8 24 1 4 1 2 4 8
328 15.39 26.725 7 17 1 4 1 2 4 8
329 12.05 27.397 23 9 1 4 1 2 4 8
330 -77.921 -31.492 16 7 1 4 1 2 4 8
331 62.305 72.457 24 10 1 4 1 2 4 8
332 87.468 8.826 9 10 1 4 1 2 4 8
333 -94.983 70.145 17 5 1 4 1 2 4 8
334 43.498 41.279 20 21 1 4 1 2 4 8
335 -70.285 31.852 10 21 1 4 1 2 4 8
336 80.375 27.776 23 23 1 4 1 2 4 8
337 8.985 93.313 6 3 1 4 1 2 4 8
338 92.54 -52.894 8 12 1 4 1 2 4 8
339 72.002 16.913 13 20 1 4 1 2 4 8
340 97.377 -23.339 4 15 1 4 1 2 4 8
341 36.717 47.516 19 4 1 4 1 2 4 8
342 7.149 -71.451 15 12 1 4 1 2 4 8
343 -43.206 42.939 19 5 1 4 1 2 4 8
344 -83.605 90.892 15 10 1 4 1 2 4 8
345 1.67 94.475 13 19 1 4 1 2 4 8
346 40.715 -1.898 1 12 1 4 1 2 4 8
347 -18.009 96.118 3 16 1 4 1 2 4 8
348 68.544 32.884 7 7 1 4 1 2 4 8
349 65.797 95.628 18 7 1 4 1 2 4 8
350 22.312 73.149 22 20 1 4 1 2 4 8
351 52.49 17.437 6 6 1 4 1 2 4 8
352 73.874 77.598 22 8 1 4 1 2 4 8
353 -92.253 -90.888 5 6 1 4 1 2 4 8
354 41.127 -58.161 15 9 1 4 1 2 4 8
355 96.775 -23.832 20 1 1 4 1 2 4 8
356 -74.067 -94.372 7 1 1 4 1 2 4 8
357 -0.832 -87.738 16 8 1 4 1 2 4 8
358 38.495 1.565 2 15 1 4 1 2 4 8
359 61.817 -2.644 11 22 1 4 1 2 4 8
360 -73.967 -4.3 17 18 1 4 1 2 4 8
361 2.958 4.357 0 0 0 0
362 21.494 -8.63 0 0 0 0
363 -43.073 -18.094 0 0 0 0
364 -10.406 -37.888 0 0 0 0
