2 17 720 4
420 185
420 185
420 185
420 185
1 64.827 48.437 8 14 1 4 1 2 4 8
2 -84.37 74.398 21 11 1 4 1 2 4 8
3 -66.256 -28.344 22 8 1 4 1 2 4 8
4 -9.72 -50.075 13 3 1 4 1 2 4 8
5 47.21 79.59 13 15 1 4 1 2 4 8
6 90.516 -8.751 24 8 1 4 1 2 4 8
7 -88.916 61.698 10 4 1 4 1 2 4 8
8 44.061 -63.955 18 2 1 4 1 2 4 8
9 57.645 75.778 1 24 1 4 1 2 4 8
10 42.872 -86.788 2 16 1 4 1 2 4 8
11 -64.039 -81.831 5 16 1 4 1 2 4 8
12 -70.301 58.036 12 1 1 4 1 2 4 8
13 -83.783 19.863 23 24 1 4 1 2 4 8
14 8.029 -63.5 13 17 1 4 1 2 4 8
15 28.453 96.287 17 5 1 4 1 2 4 8
16 91.668 46.465 20 17 1 4 1 2 4 8
17 22.994 94.992 23 17 1 4 1 2 4 8
18 85.196 -47.202 1 5 1 4 1 2 4 8
19 -98.603 70.484 22 25 1 4 1 2 4 8
20 -75.686 -60.478 22 2 1 4 1 2 4 8
21 -28.484 28.584 20 11 1 4 1 2 4 8
22 35.214 84.535 4 25 1 4 1 2 4 8
23 -36.842 -76.44 14 18 1 4 1 2 4 8
24 33.714 29.507 10 19 1 4 1 2 4 8
25 24.497 98.978 16 22 1 4 1 2 4 8
26 -20.261 72.157 5 12 1 4 1 2 4 8
27 -29.609 -52.145 14 16 1 4 1 2 4 8
28 -72.259 -82.192 25 14 1 4 1 2 4 8
29 -4.227 -34.223 7 11 1 4 1 2 4 8
30 50.295 12.413 25 6 1 4 1 2 4 8
31 2.848 65.409 2 19 1 4 1 2 4 8
32 82.021 -49.305 21 5 1 4 1 2 4 8
33 30.448 -89.514 10 8 1 4 1 2 4 8
34 89.201 79.734 15 13 1 4 1 2 4 8
35 -77.014 -3.068 14 2 1 4 1 2 4 8
36 0.108 52.122 7 13 1 4 1 2 4 8
37 -85.398 -92.319 19 22 1 4 1 2 4 8
38 93.831 -22 11 12 1 4 1 2 4 8
39 25.935 57.728 2 1 1 4 1 2 4 8
40 21.778 -91.824 3 3 1 4 1 2 4 8
41 -61.507 -17.173 14 25 1 4 1 2 4 8
42 79.157 98.536 8 17 1 4 1 2 4 8
43 68.099 80.134 19 9 1 4 1 2 4 8
44 2.415 -81.105 24 23 1 4 1 2 4 8
45 -73.574 -96.412 11 2 1 4 1 2 4 8
46 0.104 19.351 2 21 1 4 1 2 4 8
47 80.734 -95.833 1 10 1 4 1 2 4 8
48 -73.218 32.024 8 9 1 4 1 2 4 8
49 -16.995 -59.011 25 21 1 4 1 2 4 8
50 -32.162 -18.038 17 9 1 4 1 2 4 8
51 98.511 -51.674 23 10 1 4 1 2 4 8
52 63.144 -20.996 13 25 1 4 1 2 4 8
53 -90.828 24.641 20 8 1 4 1 2 4 8
54 44.433 -83.013 22 14 1 4 1 2 4 8
55 -38.906 -49.351 6 15 1 4 1 2 4 8
56 74.641 -64.821 8 14 1 4 1 2 4 8
57 -45.386 -5.479 19 8 1 4 1 2 4 8
58 -95.288 56.837 25 4 1 4 1 2 4 8
59 -31.709 51.49 16 11 1 4 1 2 4 8
60 -15.708 78.986 17 2 1 4 1 2 4 8
61 75.443 49.127 25 22 1 4 1 2 4 8
62 81.288 -18.273 3 16 1 4 1 2 4 8
63 -69.627 0.272 25 5 1 4 1 2 4 8
64 67.177 92.088 13 19 1 4 1 2 4 8
65 -60.709 92.321 13 21 1 4 1 2 4 8
66 88.741 87.652 2 21 1 4 1 2 4 8
67 24.811 12.393 5 13 1 4 1 2 4 8
68 -32.482 94.671 17 6 1 4 1 2 4 8
69 49.724 -73.793 1 7 1 4 1 2 4 8
70 -79.252 77.979 10 25 1 4 1 2 4 8
71 -25.619 -50.435 8 2 1 4 1 2 4 8
72 -65.31 -88.727 16 18 1 4 1 2 4 8
73 -34.149 -80.669 16 15 1 4 1 2 4 8
74 -11.176 -40.123 19 2 1 4 1 2 4 8
75 -27.17 18.178 2 4 1 4 1 2 4 8
76 67.31 -33.767 12 19 1 4 1 2 4 8
77 23.296 -0.83 8 14 1 4 1 2 4 8
78 98.23 -19.749 13 7 1 4 1 2 4 8
79 -79.177 71.51 7 23 1 4 1 2 4 8
80 58.633 -93.487 5 20 1 4 1 2 4 8
81 -35 -63.27 7 6 1 4 1 2 4 8
82 -98.016 -62.462 1 21 1 4 1 2 4 8
83 15.446 33.705 13 25 1 4 1 2 4 8
84 51.617 -97.518 12 25 1 4 1 2 4 8
85 35.933 -52.075 24 22 1 4 1 2 4 8
86 -87.164 -77.523 4 24 1 4 1 2 4 8
87 -16.032 -66.109 21 19 1 4 1 2 4 8
88 -79.876 29.145 10 15 1 4 1 2 4 8
89 93.603 -43.613 22 7 1 4 1 2 4 8
90 -90.271 -13.693 16 10 1 4 1 2 4 8
91 -73.128 -29.092 20 4 1 4 1 2 4 8
92 71.47 -59.931 12 8 1 4 1 2 4 8
93 -78.403 63.509 10 25 1 4 1 2 4 8
94 10.111 89.689 25 20 1 4 1 2 4 8
95 -69.51 25.765 22 1 1 4 1 2 4 8
96 22.876 87.684 3 22 1 4 1 2 4 8
97 -75.983 69.62 22 14 1 4 1 2 4 8
98 -67.496 60.187 21 5 1 4 1 2 4 8
99 54.58 -23.442 12 24 1 4 1 2 4 8
100 64.04 40.372 1 19 1 4 1 2 4 8
101 39.747 -75.122 4 22 1 4 1 2 4 8
102 60.102 73.83 14 2 1 4 1 2 4 8
103 -35.405 -74.374 5 19 1 4 1 2 4 8
104 -86.312 19.354 19 25 1 4 1 2 4 8
105 43.65 45.843 9 9 1 4 1 2 4 8
106 -86.302 50.717 13 17 1 4 1 2 4 8
107 56.127 -73.54 23 21 1 4 1 2 4 8
108 -16.217 40.044 24 6 1 4 1 2 4 8
109 -1.627 -19.089 11 24 1 4 1 2 4 8
110 -66.241 -16.981 6 4 1 4 1 2 4 8
111 15.388 -18.664 16 21 1 4 1 2 4 8
112 98.83 12.826 5 2 1 4 1 2 4 8
113 -86.609 -67.235 15 19 1 4 1 2 4 8
114 96.522 39.2 11 20 1 4 1 2 4 8
115 -25.442 28.908 8 16 1 4 1 2 4 8
116 59.045 14.41 9 14 1 4 1 2 4 8
117 20.187 8.477 22 7 1 4 1 2 4 8
118 41.522 -60.378 18 19 1 4 1 2 4 8
119 -44.982 17.064 1 14 1 4 1 2 4 8
120 -61.959 -18.511 9 13 1 4 1 2 4 8
121 -96.243 -52.375 8 13 1 4 1 2 4 8
122 -73.928 -23.535 24 25 1 4 1 2 4 8
123 -7.707 83.435 15 14 1 4 1 2 4 8
124 -82.678 -60.326 1 23 1 4 1 2 4 8
125 -11.108 -51.889 24 14 1 4 1 2 4 8
126 91.11 -56.856 11 23 1 4 1 2 4 8
127 -55.893 49.933 23 10 1 4 1 2 4 8
128 -33.956 97.014 6 16 1 4 1 2 4 8
129 -68.928 65.406 17 21 1 4 1 2 4 8
130 69.251 -43.499 13 7 1 4 1 2 4 8
131 -57.071 60.211 24 6 1 4 1 2 4 8
132 58.75 37.168 21 13 1 4 1 2 4 8
133 60.986 -11.834 23 2 1 4 1 2 4 8
134 98.324 -4.812 24 11 1 4 1 2 4 8
135 -88.471 -55.227 3 14 1 4 1 2 4 8
136 50.535 -47.345 1 19 1 4 1 2 4 8
137 70.096 -69.543 22 25 1 4 1 2 4 8
138 55.307 -29.019 23 14 1 4 1 2 4 8
139 -83.032 -2.71 18 5 1 4 1 2 4 8
140 33.297 -43.454 21 20 1 4 1 2 4 8
141 95.664 88.091 6 16 1 4 1 2 4 8
142 68.674 -77.274 2 17 1 4 1 2 4 8
143 0.922 -84.757 5 23 1 4 1 2 4 8
144 60.551 50.528 18 2 1 4 1 2 4 8
145 -60.495 37.707 4 10 1 4 1 2 4 8
146 69.48 -95.286 14 11 1 4 1 2 4 8
147 -67.899 -59.416 7 13 1 4 1 2 4 8
148 -24.9 37.655 2 13 1 4 1 2 4 8
149 7.826 13.186 17 11 1 4 1 2 4 8
150 31.324 73.022 12 18 1 4 1 2 4 8
151 -53.257 -18.092 22 4 1 4 1 2 4 8
152 -17.022 75.747 11 25 1 4 1 2 4 8
153 79.407 -84.96 9 19 1 4 1 2 4 8
154 94.813 97.655 3 13 1 4 1 2 4 8
155 96.682 1.963 3 1 1 4 1 2 4 8
156 -76.171 -58.494 21 20 1 4 1 2 4 8
157 -66.756 57.07 17 14 1 4 1 2 4 8
158 4.03 -19.787 24 18 1 4 1 2 4 8
159 -11.739 61.143 10 13 1 4 1 2 4 8
160 37.836 0.765 16 1 1 4 1 2 4 8
161 2.411 22.652 18 10 1 4 1 2 4 8
162 -7.596 -49.373 2 18 1 4 1 2 4 8
163 -10.671 82.417 15 15 1 4 1 2 4 8
164 58.201 -44.852 11 23 1 4 1 2 4 8
165 42.793 -96.489 9 4 1 4 1 2 4 8
166 13.865 77.578 17 16 1 4 1 2 4 8
167 -72.179 -65.714 21 18 1 4 1 2 4 8
168 72.855 -53.707 17 13 1 4 1 2 4 8
169 98.408 -15.875 8 12 1 4 1 2 4 8
170 -36.597 -98.22 25 21 1 4 1 2 4 8
171 -46.693 -89.776 22 14 1 4 1 2 4 8
172 -63.757 -81.043 2 10 1 4 1 2 4 8
173 -25.912 -12.5 23 21 1 4 1 2 4 8
174 30.763 85.553 1 8 1 4 1 2 4 8
175 72.158 -49.126 24 5 1 4 1 2 4 8
176 -29.117 -16.781 14 16 1 4 1 2 4 8
177 72.313 -39.146 23 25 1 4 1 2 4 8
178 -43.582 -67.551 6 16 1 4 1 2 4 8
179 58.063 77.759 8 21 1 4 1 2 4 8
180 -72.464 -38.558 19 3 1 4 1 2 4 8
181 -31.196 28.793 8 23 1 4 1 2 4 8
182 -12.118 -51.802 1 16 1 4 1 2 4 8
183 34.864 19.754 4 8 1 4 1 2 4 8
184 20.45 5.154 13 23 1 4 1 2 4 8
185 3.889 49.076 13 22 1 4 1 2 4 8
186 -28.364 -67.541 20 7 1 4 1 2 4 8
187 95.34 -76.329 9 24 1 4 1 2 4 8
188 -20.064 88.549 14 6 1 4 1 2 4 8
189 17.576 -32.944 7 7 1 4 1 2 4 8
190 14.496 67.156 11 15 1 4 1 2 4 8
191 80.127 74.817 15 6 1 4 1 2 4 8
192 97.469 -94.906 16 14 1 4 1 2 4 8
193 -25.627 69.783 11 25 1 4 1 2 4 8
194 -28.401 -99.324 14 16 1 4 1 2 4 8
195 50.075 30.104 12 8 1 4 1 2 4 8
196 -71.62 2.646 4 9 1 4 1 2 4 8
197 12.915 -98.794 11 21 1 4 1 2 4 8
198 -62.685 -8.744 19 2 1 4 1 2 4 8
199 56.589 -70.657 8 4 1 4 1 2 4 8
200 -31.331 -31.421 7 16 1 4 1 2 4 8
201 -43.98 90.593 19 1 1 4 1 2 4 8
202 26.527 -69.661 9 19 1 4 1 2 4 8
203 -69.424 52.137 24 3 1 4 1 2 4 8
204 -54.424 -13.872 20 16 1 4 1 2 4 8
205 15.812 -80.864 6 1 1 4 1 2 4 8
206 -83.857 -49.906 1 5 1 4 1 2 4 8
207 40.424 -79.066 10 25 1 4 1 2 4 8
208 -67.86 44.448 15 15 1 4 1 2 4 8
209 59.269 38.066 2 2 1 4 1 2 4 8
210 1.701 -67.918 23 13 1 4 1 2 4 8
211 44.975 87.472 2 19 1 4 1 2 4 8
212 57.629 35.435 9 23 1 4 1 2 4 8
213 -99.949 78.102 6 22 1 4 1 2 4 8
214 99.913 86.062 3 23 1 4 1 2 4 8
215 -70.393 -12.736 17 10 1 4 1 2 4 8
216 24.002 -38.426 8 8 1 4 1 2 4 8
217 -53.887 -49.366 13 22 1 4 1 2 4 8
218 95.928 10.482 22 24 1 4 1 2 4 8
219 -31.829 4.337 2 9 1 4 1 2 4 8
220 47.684 62.209 9 12 1 4 1 2 4 8
221 -66.668 -37.401 5 5 1 4 1 2 4 8
222 17.807 -31.234 20 5 1 4 1 2 4 8
223 -36.21 75.098 18 6 1 4 1 2 4 8
224 66.718 -40.335 4 16 1 4 1 2 4 8
225 90.712 -46.793 5 5 1 4 1 2 4 8
226 -77.661 49.278 19 12 1 4 1 2 4 8
227 -52.729 77.002 2 12 1 4 1 2 4 8
228 44.581 -35.831 18 9 1 4 1 2 4 8
229 7.491 -10.169 21 15 1 4 1 2 4 8
230 6.785 11.324 18 25 1 4 1 2 4 8
231 -33.471 98.485 2 6 1 4 1 2 4 8
232 -16.528 -52.459 20 25 1 4 1 2 4 8
233 -2.616 -45.108 13 9 1 4 1 2 4 8
234 -66.897 15.295 13 24 1 4 1 2 4 8
235 76.404 -30.405 14 11 1 4 1 2 4 8
236 -60.986 -67.986 23 14 1 4 1 2 4 8
237 -24.011 -86.817 25 8 1 4 1 2 4 8
238 98.059 16.247 25 11 1 4 1 2 4 8
239 1.365 -57.99 20 20 1 4 1 2 4 8
240 68.587 -78.809 15 18 1 4 1 2 4 8
241 -9.815 -86.391 4 5 1 4 1 2 4 8
242 49.922 13.192 17 3 1 4 1 2 4 8
243 -4.258 -91.165 5 3 1 4 1 2 4 8
244 89.349 -18.252 4 23 1 4 1 2 4 8
245 -17.556 5.642 20 10 1 4 1 2 4 8
246 -98.375 -67.752 11 10 1 4 1 2 4 8
247 11.423 -85.39 5 21 1 4 1 2 4 8
248 -72.785 -68.14 2 17 1 4 1 2 4 8
249 62.956 43.244 3 1 1 4 1 2 4 8
250 5.312 56.552 15 1 1 4 1 2 4 8
251 -65.52 -53.04 22 10 1 4 1 2 4 8
252 37.815 60.251 2 4 1 4 1 2 4 8
253 -82.718 34.769 7 24 1 4 1 2 4 8
254 36.114 56.615 2 5 1 4 1 2 4 8
255 -60.954 80.289 22 17 1 4 1 2 4 8
256 -68.729 -63.871 15 6 1 4 1 2 4 8
257 -66.485 89.372 22 20 1 4 1 2 4 8
258 66.3 -12.99 14 4 1 4 1 2 4 8
259 6.653 -0.248 25 2 1 4 1 2 4 8
260 -65.418 -44.258 7 5 1 4 1 2 4 8
261 95.816 -81.241 10 24 1 4 1 2 4 8
262 67.027 -89.674 24 6 1 4 1 2 4 8
263 90.179 -91.676 20 17 1 4 1 2 4 8
264 -42.445 -73.38 2 21 1 4 1 2 4 8
265 -14.05 -25.887 21 19 1 4 1 2 4 8
266 88.949 -76.044 15 16 1 4 1 2 4 8
267 5.292 65.403 10 15 1 4 1 2 4 8
268 -48.889 -14.491 17 2 1 4 1 2 4 8
269 11.053 27.916 6 19 1 4 1 2 4 8
270 -96.85 30.821 18 5 1 4 1 2 4 8
271 55.022 45.616 14 5 1 4 1 2 4 8
272 -10.164 79.954 16 10 1 4 1 2 4 8
273 -34.025 -80.909 11 13 1 4 1 2 4 8
274 -53.896 -61.495 9 20 1 4 1 2 4 8
275 97.163 -8.185 6 6 1 4 1 2 4 8
276 -48.036 91.835 22 13 1 4 1 2 4 8
277 70.116 -52.159 24 20 1 4 1 2 4 8
278 -37.542 97.917 19 12 1 4 1 2 4 8
279 -95.944 33.86 17 17 1 4 1 2 4 8
280 -85.897 -28.893 16 25 1 4 1 2 4 8
281 -7.206 -37.81 7 5 1 4 1 2 4 8
282 -87.997 -91.274 12 23 1 4 1 2 4 8
283 63.089 3.389 7 6 1 4 1 2 4 8
284 64.586 -56.96 9 20 1 4 1 2 4 8
285 88.486 69.748 16 23 1 4 1 2 4 8
286 -4.157 80.282 1 1 1 4 1 2 4 8
287 -66.415 -98.36 1 12 1 4 1 2 4 8
288 47.768 -92.319 20 21 1 4 1 2 4 8
289 24.073 -64.001 3 7 1 4 1 2 4 8
290 47.59 5.152 19 14 1 4 1 2 4 8
291 -71.782 87.985 8 14 1 4 1 2 4 8
292 27.538 75.092 1 3 1 4 1 2 4 8
293 77.355 -49.666 2 5 1 4 1 2 4 8
294 -18.538 -31.422 3 2 1 4 1 2 4 8
295 81.339 20.193 6 17 1 4 1 2 4 8
296 96.569 -89.661 7 11 1 4 1 2 4 8
297 47.488 93.359 8 22 1 4 1 2 4 8
298 38.449 57.392 17 11 1 4 1 2 4 8
299 20.392 -68.251 5 3 1 4 1 2 4 8
300 -67.946 -71.557 7 8 1 4 1 2 4 8
301 2.259 -18.005 4 3 1 4 1 2 4 8
302 -65.473 -14.524 5 23 1 4 1 2 4 8
303 -51.93 8.039 5 9 1 4 1 2 4 8
304 98.226 60.93 11 17 1 4 1 2 4 8
305 -42.134 -98.054 23 20 1 4 1 2 4 8
306 -66.033 -98.279 1 3 1 4 1 2 4 8
307 -97.981 -54.479 23 21 1 4 1 2 4 8
308 13.424 -13.017 20 3 1 4 1 2 4 8
309 89.077 41.159 10 2 1 4 1 2 4 8
310 28.376 -8.113 3 11 1 4 1 2 4 8
311 30.317 -37.06 25 9 1 4 1 2 4 8
312 -2.157 16.737 10 8 1 4 1 2 4 8
313 46.567 -68.07 12 23 1 4 1 2 4 8
314 -1.103 90.854 2 23 1 4 1 2 4 8
315 -81.82 82.599 5 2 1 4 1 2 4 8
316 91.497 -73.608 15 7 1 4 1 2 4 8
317 -12.494 86.904 1 19 1 4 1 2 4 8
318 22.224 -38.314 4 10 1 4 1 2 4 8
319 98.879 -31.951 12 14 1 4 1 2 4 8
320 99.999 72.207 9 9 1 4 1 2 4 8
321 -79.637 -5.862 23 23 1 4 1 2 4 8
322 -96.843 -66.08 6 6 1 4 1 2 4 8
323 -41.267 -70.4 16 17 1 4 1 2 4 8
324 33.014 40.751 20 11 1 4 1 2 4 8
325 -10.584 -29.071 5 10 1 4 1 2 4 8
326 -24.316 0.891 24 8 1 4 1 2 4 8
327 29.977 41.758 1 1 1 4 1 2 4 8
328 -2.848 -50.982 18 12 1 4 1 2 4 8
329 65.773 -86.846 16 25 1 4 1 2 4 8
330 -16.317 -56.905 20 6 1 4 1 2 4 8
331 -57.073 -98.436 4 6 1 4 1 2 4 8
332 -56.491 16.876 3 18 1 4 1 2 4 8
333 15.396 -76.032 10 16 1 4 1 2 4 8
334 -75.088 58.256 9 7 1 4 1 2 4 8
335 96.44 62.174 24 3 1 4 1 2 4 8
336 -93.38 -43.192 22 15 1 4 1 2 4 8
337 64.436 -80.935 9 9 1 4 1 2 4 8
338 -69.521 23.805 19 18 1 4 1 2 4 8
339 55.01 -25.54 7 18 1 4 1 2 4 8
340 -80.711 90.076 19 23 1 4 1 2 4 8
341 56.009 -49.712 21 13 1 4 1 2 4 8
342 -57.092 -74.976 2 9 1 4 1 2 4 8
343 53.202 -39.537 13 4 1 4 1 2 4 8
344 81.739 -0.326 22 22 1 4 1 2 4 8
345 32.83 55.316 12 7 1 4 1 2 4 8
346 -48.318 54.429 9 22 1 4 1 2 4 8
347 23.36 -73.911 20 5 1 4 1 2 4 8
348 -11.524 68.173 10 13 1 4 1 2 4 8
349 -68.352 58.624 1 4 1 4 1 2 4 8
350 73.554 -97.904 11 8 1 4 1 2 4 8
351 30.068 82.049 20 25 1 4 1 2 4 8
352 93.083 -68.397 5 12 1 4 1 2 4 8
353 75.257 -1.506 9 20 1 4 1 2 4 8
354 80.638 -17.836 19 19 1 4 1 2 4 8
355 -13.335 73.973 4 3 1 4 1 2 4 8
356 -86.641 3.882 13 20 1 4 1 2 4 8
357 -80.13 17.609 15 2 1 4 1 2 4 8
358 -17.242 78.547 22 13 1 4 1 2 4 8
359 12.901 -81.505 11 4 1 4 1 2 4 8
360 19.444 -81.554 11 5 1 4 1 2 4 8
361 -36.384 -47.398 2 7 1 4 1 2 4 8
362 21.083 -55.008 4 13 1 4 1 2 4 8
363 -83.82 -33.208 16 19 1 4 1 2 4 8
364 -68.502 -2.507 3 24 1 4 1 2 4 8
365 27.436 -16.36 9 5 1 4 1 2 4 8
366 48.742 -54.756 6 19 1 4 1 2 4 8
367 -45.101 -49.633 19 14 1 4 1 2 4 8
368 -58.762 77.193 7 10 1 4 1 2 4 8
369 -59.256 74.247 20 23 1 4 1 2 4 8
370 75.09 73.656 14 23 1 4 1 2 4 8
371 41.057 -21.892 20 14 1 4 1 2 4 8
372 -50.267 -11.789 2 2 1 4 1 2 4 8
373 21.525 -16.962 20 5 1 4 1 2 4 8
374 -19.547 -83.289 8 10 1 4 1 2 4 8
375 -20.39 67.037 10 19 1 4 1 2 4 8
376 54.979 -43.275 6 3 1 4 1 2 4 8
377 -89.756 -29.358 7 20 1 4 1 2 4 8
378 -30.428 -4.238 2 12 1 4 1 2 4 8
379 -72.361 -57.893 15 18 1 4 1 2 4 8
380 58.701 -88.691 25 18 1 4 1 2 4 8
381 47.152 49.394 25 12 1 4 1 2 4 8
382 98.749 1.442 11 19 1 4 1 2 4 8
383 70.369 -6.789 11 10 1 4 1 2 4 8
384 20.56 -81.837 8 20 1 4 1 2 4 8
385 80.783 57.841 2 19 1 4 1 2 4 8
386 76.182 -61.91 19 12 1 4 1 2 4 8
387 17.836 0.556 12 16 1 4 1 2 4 8
388 90.639 -61.624 20 19 1 4 1 2 4 8
389 58.777 -98.35 12 9 1 4 1 2 4 8
390 -18.378 87.995 6 22 1 4 1 2 4 8
391 80.328 -82.823 18 25 1 4 1 2 4 8
392 22.901 43.5 25 17 1 4 1 2 4 8
393 99.979 -7.659 14 10 1 4 1 2 4 8
394 -74.178 -85.31 7 7 1 4 1 2 4 8
395 31.687 -99.301 6 24 1 4 1 2 4 8
396 17.78 -9.558 13 19 1 4 1 2 4 8
397 19.072 -3.536 20 22 1 4 1 2 4 8
398 9.99 -31.742 12 5 1 4 1 2 4 8
399 93.929 -69.25 12 15 1 4 1 2 4 8
400 -49.561 2.1 25 15 1 4 1 2 4 8
401 84.991 97.266 4 23 1 4 1 2 4 8
402 -35.136 60.366 20 2 1 4 1 2 4 8
403 27.386 75.726 3 22 1 4 1 2 4 8
404 -95.895 51.401 4 5 1 4 1 2 4 8
405 90.088 83.059 23 3 1 4 1 2 4 8
406 -16.536 50.318 3 23 1 4 1 2 4 8
407 91.728 67.298 21 3 1 4 1 2 4 8
408 -5.567 29.476 15 3 1 4 1 2 4 8
409 24.247 -56.177 9 23 1 4 1 2 4 8
410 -15.787 -73.613 17 1 1 4 1 2 4 8
411 -5.743 49.143 13 11 1 4 1 2 4 8
412 47.026 37.508 9 4 1 4 1 2 4 8
413 19.365 55.565 7 23 1 4 1 2 4 8
414 76.434 -37.53 4 6 1 4 1 2 4 8
415 36.658 -41.782 4 18 1 4 1 2 4 8
416 -16.68 46.01 17 9 1 4 1 2 4 8
417 -72.614 -67.887 18 13 1 4 1 2 4 8
418 11.499 -71.875 19 12 1 4 1 2 4 8
419 73.78 30.537 5 10 1 4 1 2 4 8
420 -23.986 94.995 16 21 1 4 1 2 4 8
421 -62.937 -59.284 14 24 1 4 1 2 4 8
422 70.046 83.677 13 3 1 4 1 2 4 8
423 -16.85 -31.282 8 12 1 4 1 2 4 8
424 -70.533 -21.775 12 11 1 4 1 2 4 8
425 2.381 -18.432 7 16 1 4 1 2 4 8
426 -73.39 29.962 18 8 1 4 1 2 4 8
427 -77.693 -30.34 8 13 1 4 1 2 4 8
428 -45.148 52.866 25 1 1 4 1 2 4 8
429 -56.395 -38.303 7 1 1 4 1 2 4 8
430 -85.233 -65.405 6 20 1 4 1 2 4 8
431 -92.251 -45.922 21 24 1 4 1 2 4 8
432 -68.654 20.708 3 18 1 4 1 2 4 8
433 70.65 -16.407 20 22 1 4 1 2 4 8
434 24.89 -88.039 14 2 1 4 1 2 4 8
435 -42.952 11.889 12 9 1 4 1 2 4 8
436 35.038 -87.778 10 18 1 4 1 2 4 8
437 39.942 44.533 17 4 1 4 1 2 4 8
438 89.745 77.683 23 19 1 4 1 2 4 8
439 63.434 -99.186 19 16 1 4 1 2 4 8
440 -56.83 70.024 3 10 1 4 1 2 4 8
441 86.146 48.44 13 9 1 4 1 2 4 8
442 -26.305 -10.537 7 1 1 4 1 2 4 8
443 84.629 5.848 7 4 1 4 1 2 4 8
444 22.976 -82.654 10 12 1 4 1 2 4 8
445 16.025 -27.843 19 19 1 4 1 2 4 8
446 40.983 50.121 2 16 1 4 1 2 4 8
447 -28.342 70.688 1 20 1 4 1 2 4 8
448 -17.198 -37.749 19 6 1 4 1 2 4 8
449 18.649 68.157 19 25 1 4 1 2 4 8
450 -31.679 -77.422 13 7 1 4 1 2 4 8
451 -92.03 71.045 10 21 1 4 1 2 4 8
452 99.764 -19.769 17 18 1 4 1 2 4 8
453 83.744 -92.568 10 24 1 4 1 2 4 8
454 65.257 21.403 18 15 1 4 1 2 4 8
455 -29.359 -96.173 3 7 1 4 1 2 4 8
456 66.628 -57.768 12 23 1 4 1 2 4 8
457 99.35 76.019 7 17 1 4 1 2 4 8
458 -85.268 -25.947 9 5 1 4 1 2 4 8
459 -24.85 -63.408 20 10 1 4 1 2 4 8
460 -88.721 28.66 20 6 1 4 1 2 4 8
461 -39.57 -27.557 21 22 1 4 1 2 4 8
462 33.1 -15.522 15 24 1 4 1 2 4 8
463 -37.825 82.636 7 17 1 4 1 2 4 8
464 -81.576 -99.622 22 23 1 4 1 2 4 8
465 16.583 -96.408 19 9 1 4 1 2 4 8
466 -31.746 75.591 16 6 1 4 1 2 4 8
467 61.911 -97.661 21 23 1 4 1 2 4 8
468 57.673 78.338 4 25 1 4 1 2 4 8
469 -74.773 64.916 20 14 1 4 1 2 4 8
470 -56.712 -97.571 3 24 1 4 1 2 4 8
471 8.848 -41.943 24 4 1 4 1 2 4 8
472 56.179 -93.925 2 4 1 4 1 2 4 8
473 68.735 70.118 13 16 1 4 1 2 4 8
474 -5.465 -42.382 25 9 1 4 1 2 4 8
475 -3.662 -44.745 20 14 1 4 1 2 4 8
476 -81.811 -70.17 17 2 1 4 1 2 4 8
477 -13.655 43.628 23 5 1 4 1 2 4 8
478 85.186 55.957 5 15 1 4 1 2 4 8
479 27.923 20.394 1 13 1 4 1 2 4 8
480 81.843 97.48 4 20 1 4 1 2 4 8
481 -96.561 -80.586 9 19 1 4 1 2 4 8
482 -9.387 -72.56 7 17 1 4 1 2 4 8
483 55.654 88.007 13 23 1 4 1 2 4 8
484 83.858 -48.437 2 18 1 4 1 2 4 8
485 98.537 -99.368 9 4 1 4 1 2 4 8
486 60.709 98.434 6 23 1 4 1 2 4 8
487 -63.394 34.869 4 20 1 4 1 2 4 8
488 -55.337 -92.193 4 11 1 4 1 2 4 8
489 -89.766 -1.879 23 23 1 4 1 2 4 8
490 -7.931 -33.667 25 5 1 4 1 2 4 8
491 -31.815 68.398 24 16 1 4 1 2 4 8
492 -33.15 -59.529 20 25 1 4 1 2 4 8
493 62.105 53.287 18 19 1 4 1 2 4 8
494 -91.781 -6.866 24 4 1 4 1 2 4 8
495 -56.233 59.374 8 12 1 4 1 2 4 8
496 -40.409 -21.933 18 23 1 4 1 2 4 8
497 26.541 -76.104 2 23 1 4 1 2 4 8
498 -35.513 -80.412 24 4 1 4 1 2 4 8
499 21.491 88.587 9 11 1 4 1 2 4 8
500 -58.336 7.128 2 18 1 4 1 2 4 8
501 -1.587 -90.995 8 11 1 4 1 2 4 8
502 -56.755 -4.581 24 25 1 4 1 2 4 8
503 -55.795 -89.568 10 17 1 4 1 2 4 8
504 68.237 -27.695 5 20 1 4 1 2 4 8
505 34.062 4.498 4 22 1 4 1 2 4 8
506 -94.478 90.895 20 2 1 4 1 2 4 8
507 -57.782 53.032 8 17 1 4 1 2 4 8
508 7.702 -94.632 24 17 1 4 1 2 4 8
509 -62.697 83.173 18 4 1 4 1 2 4 8
510 -60.988 -53.805 16 6 1 4 1 2 4 8
511 -43.505 -69.111 20 4 1 4 1 2 4 8
512 97.728 81.065 15 7 1 4 1 2 4 8
513 89.034 -60.961 16 18 1 4 1 2 4 8
514 44.546 -7.482 13 4 1 4 1 2 4 8
515 17.894 -26.596 2 20 1 4 1 2 4 8
516 -87.64 -34.426 4 14 1 4 1 2 4 8
517 34.517 52.381 14 6 1 4 1 2 4 8
518 96.696 -38.001 19 18 1 4 1 2 4 8
519 79.477 76.956 7 1 1 4 1 2 4 8
520 2.418 71.79 12 3 1 4 1 2 4 8
521 3.217 -31.649 20 17 1 4 1 2 4 8
522 -95.739 -18.26 7 23 1 4 1 2 4 8
523 -29.562 -45.884 9 4 1 4 1 2 4 8
524 6.549 45.182 11 9 1 4 1 2 4 8
525 -42.879 79.309 25 4 1 4 1 2 4 8
526 36.394 66.838 9 11 1 4 1 2 4 8
527 42.076 -84.768 11 8 1 4 1 2 4 8
528 56.132 -12.439 7 17 1 4 1 2 4 8
529 -95.899 36.317 9 8 1 4 1 2 4 8
530 -88.983 -52.882 8 6 1 4 1 2 4 8
531 64.247 91.457 4 6 1 4 1 2 4 8
532 -72.655 -70.771 18 3 1 4 1 2 4 8
533 32.074 -38.296 23 23 1 4 1 2 4 8
534 54.75 78.806 1 12 1 4 1 2 4 8
535 27.747 3.023 16 25 1 4 1 2 4 8
536 76.298 -82.696 2 3 1 4 1 2 4 8
537 -38.252 -27.46 9 4 1 4 1 2 4 8
538 87.422 46.29 22 13 1 4 1 2 4 8
539 7.068 -86.587 20 10 1 4 1 2 4 8
540 59.458 -34.357 9 3 1 4 1 2 4 8
541 78.022 95.827 20 16 1 4 1 2 4 8
542 -65.182 -85.297 6 11 1 4 1 2 4 8
543 57.247 -90.481 23 23 1 4 1 2 4 8
544 -94.567 13.355 6 20 1 4 1 2 4 8
545 32.952 59.382 8 14 1 4 1 2 4 8
546 -72.026 -96.872 13 14 1 4 1 2 4 8
547 -51.895 -62.539 18 4 1 4 1 2 4 8
548 -51.575 92.63 4 18 1 4 1 2 4 8
549 -56.579 -69.398 14 20 1 4 1 2 4 8
550 26.402 81.786 16 22 1 4 1 2 4 8
551 -95.813 75.449 13 24 1 4 1 2 4 8
552 -79.111 43.035 15 16 1 4 1 2 4 8
553 -31.037 -78.774 2 10 1 4 1 2 4 8
554 -5.307 50.713 11 20 1 4 1 2 4 8
555 -95.771 63.122 16 1 1 4 1 2 4 8
556 62.242 -50.127 20 25 1 4 1 2 4 8
557 -4.149 67.502 12 15 1 4 1 2 4 8
558 28.492 87.95 2 9 1 4 1 2 4 8
559 85.136 19.967 4 8 1 4 1 2 4 8
560 -37.55 77.513 1 15 1 4 1 2 4 8
561 99.633 42.514 3 18 1 4 1 2 4 8
562 -96.217 -30.657 12 1 1 4 1 2 4 8
563 72.872 61.141 22 18 1 4 1 2 4 8
564 -52.716 -32.922 24 14 1 4 1 2 4 8
565 -56.768 -88.654 9 17 1 4 1 2 4 8
566 -21.917 -70.256 6 8 1 4 1 2 4 8
567 -13.912 78.346 7 2 1 4 1 2 4 8
568 90.339 -84.333 11 12 1 4 1 2 4 8
569 -22.419 -36.57 21 4 1 4 1 2 4 8
570 26.155 -3.343 7 18 1 4 1 2 4 8
571 17.56 -14.514 16 19 1 4 1 2 4 8
572 -63.247 -27.868 23 7 1 4 1 2 4 8
573 87.197 22.987 15 21 1 4 1 2 4 8
574 15.653 -40.126 18 13 1 4 1 2 4 8
575 -1.258 93.385 6 9 1 4 1 2 4 8
576 53.965 -70.184 17 12 1 4 1 2 4 8
577 29.807 -30.383 19 12 1 4 1 2 4 8
578 -99.093 -76.195 16 4 1 4 1 2 4 8
579 -48.942 -17.638 19 6 1 4 1 2 4 8
580 -4.802 -89.402 8 2 1 4 1 2 4 8
581 -85.608 13.399 5 2 1 4 1 2 4 8
582 -95.159 8.215 13 24 1 4 1 2 4 8
583 3.885 92.973 1 15 1 4 1 2 4 8
584 10.401 53.399 15 14 1 4 1 2 4 8
585 89.347 -97.435 10 20 1 4 1 2 4 8
586 24.52 -49.654 21 9 1 4 1 2 4 8
587 -57.638 -82.244 3 13 1 4 1 2 4 8
588 55.43 -26.095 15 17 1 4 1 2 4 8
589 91.527 -49.244 21 12 1 4 1 2 4 8
590 7.286 -54.417 7 18 1 4 1 2 4 8
591 21.386 53.013 5 19 1 4 1 2 4 8
592 -32.171 51.548 22 12 1 4 1 2 4 8
593 55.754 -83.565 19 1 1 4 1 2 4 8
594 -7.167 -80.13 22 18 1 4 1 2 4 8
595 -64.456 -91.688 18 21 1 4 1 2 4 8
596 -31.982 58.611 7 6 1 4 1 2 4 8
597 -55.382 -1.964 10 21 1 4 1 2 4 8
598 20.656 -20.578 8 20 1 4 1 2 4 8
599 6.065 -55.77 7 22 1 4 1 2 4 8
600 12.832 73.503 3 11 1 4 1 2 4 8
601 56.313 72.24 12 9 1 4 1 2 4 8
602 27.993 -45.032 6 15 1 4 1 2 4 8
603 -17.921 65.113 15 12 1 4 1 2 4 8
604 97.172 -22.337 14 9 1 4 1 2 4 8
605 32.325 84.538 3 2 1 4 1 2 4 8
606 -50.869 50.983 9 11 1 4 1 2 4 8
607 72.315 67.771 17 10 1 4 1 2 4 8
608 -25.059 -26.761 21 25 1 4 1 2 4 8
609 8.519 72.466 11 23 1 4 1 2 4 8
610 -69.923 88.799 25 13 1 4 1 2 4 8
611 96.041 95.111 2 10 1 4 1 2 4 8
612 21.622 -15.398 21 22 1 4 1 2 4 8
613 38.633 34.859 5 7 1 4 1 2 4 8
614 21.758 -6.772 17 6 1 4 1 2 4 8
615 -33.361 -72.079 5 22 1 4 1 2 4 8
616 66.493 -7.708 12 12 1 4 1 2 4 8
617 -98.794 -52.469 6 18 1 4 1 2 4 8
618 -83.827 38.759 9 8 1 4 1 2 4 8
619 23.084 -7.31 11 17 1 4 1 2 4 8
620 15.731 46.213 20 4 1 4 1 2 4 8
621 -1.847 89.007 21 16 1 4 1 2 4 8
622 5.782 -87.182 2 20 1 4 1 2 4 8
623 -48.171 -60.518 12 2 1 4 1 2 4 8
624 89.624 -87.307 21 22 1 4 1 2 4 8
625 -61.714 -49.676 6 4 1 4 1 2 4 8
626 -98.138 44.515 24 20 1 4 1 2 4 8
627 87.376 47.418 24 14 1 4 1 2 4 8
628 76.723 40.465 18 5 1 4 1 2 4 8
629 65.389 -25.052 22 7 1 4 1 2 4 8
630 4.266 -52.288 12 22 1 4 1 2 4 8
631 -77.732 8.498 15 11 1 4 1 2 4 8
632 33.614 -98.297 21 22 1 4 1 2 4 8
633 21.925 -49.025 11 19 1 4 1 2 4 8
634 -62.031 -27.286 17 8 1 4 1 2 4 8
635 98.808 -30.609 15 2 1 4 1 2 4 8
636 -10.522 65.178 13 5 1 4 1 2 4 8
637 -77.584 -97.103 12 15 1 4 1 2 4 8
638 -95.068 97.477 23 24 1 4 1 2 4 8
639 -58.133 -25.755 20 12 1 4 1 2 4 8
640 -94.275 99.274 1 19 1 4 1 2 4 8
641 82.44 -92.125 20 4 1 4 1 2 4 8
642 46.91 -80.296 1 22 1 4 1 2 4 8
643 -53.222 -4.521 15 13 1 4 1 2 4 8
644 76.49 96.536 19 20 1 4 1 2 4 8
645 14.174 29.332 8 19 1 4 1 2 4 8
646 -89.304 89.958 23 18 1 4 1 2 4 8
647 -22.824 -21.204 13 5 1 4 1 2 4 8
648 83.216 -92.189 18 16 1 4 1 2 4 8
649 16.239 40.766 22 21 1 4 1 2 4 8
650 -20.067 -68.604 9 25 1 4 1 2 4 8
651 -92.925 98.325 18 1 1 4 1 2 4 8
652 -11.863 -56.628 14 25 1 4 1 2 4 8
653 -39.791 56.193 1 25 1 4 1 2 4 8
654 -50.249 -60.104 25 11 1 4 1 2 4 8
655 -35.18 -80.829 25 9 1 4 1 2 4 8
656 -90.25 40.768 17 11 1 4 1 2 4 8
657 42.105 -98.795 16 20 1 4 1 2 4 8
658 -31.408 7.254 24 24 1 4 1 2 4 8
659 2.781 18.751 14 10 1 4 1 2 4 8
660 -3.471 -86.017 16 15 1 4 1 2 4 8
661 28.144 23.47 25 6 1 4 1 2 4 8
662 41.835 -65.442 25 2 1 4 1 2 4 8
663 -93.179 4.737 4 13 1 4 1 2 4 8
664 2.066 -61.012 24 4 1 4 1 2 4 8
665 47.501 52.708 6 9 1 4 1 2 4 8
666 -53.054 -94.753 25 9 1 4 1 2 4 8
667 -91.997 -73.532 5 24 1 4 1 2 4 8
668 -96.936 -83.249 8 15 1 4 1 2 4 8
669 -76.721 -17.236 4 10 1 4 1 2 4 8
670 82.89 -36.693 4 3 1 4 1 2 4 8
671 38.756 -35.794 12 12 1 4 1 2 4 8
672 -90.517 -46.207 22 6 1 4 1 2 4 8
673 -48.373 35.985 21 2 1 4 1 2 4 8
674 11.339 -51.296 11 20 1 4 1 2 4 8
675 83.555 19.356 8 12 1 4 1 2 4 8
676 72.441 -2.372 9 13 1 4 1 2 4 8
677 -96.791 -78.424 5 3 1 4 1 2 4 8
678 -86.832 -11.309 6 18 1 4 1 2 4 8
679 52.342 -74.272 8 6 1 4 1 2 4 8
680 94.863 -15.902 17 6 1 4 1 2 4 8
681 -64.001 -73.34 25 7 1 4 1 2 4 8
682 -51.231 95.052 3 16 1 4 1 2 4 8
683 27.125 62.608 14 23 1 4 1 2 4 8
684 12.705 -51.504 4 11 1 4 1 2 4 8
685 76.524 -44.223 16 22 1 4 1 2 4 8
686 37.547 47.821 12 6 1 4 1 2 4 8
687 68.594 -64.714 11 25 1 4 1 2 4 8
688 44.539 -62.563 22 24 1 4 1 2 4 8
689 45.716 44.989 9 5 1 4 1 2 4 8
690 19.303 46.004 4 16 1 4 1 2 4 8
691 53.315 84.428 16 5 1 4 1 2 4 8
692 94.448 12.02 8 3 1 4 1 2 4 8
693 98.006 -50.426 11 3 1 4 1 2 4 8
694 51.58 -83.853 2 19 1 4 1 2 4 8
695 -11.546 -11.443 18 5 1 4 1 2 4 8
696 96.179 10.943 21 1 1 4 1 2 4 8
697 -96.827 -92.898 8 11 1 4 1 2 4 8
698 -28.577 -38.229 10 16 1 4 1 2 4 8
699 70.755 -15.449 4 16 1 4 1 2 4 8
700 62.427 -48.313 24 5 1 4 1 2 4 8
701 -50.574 0.269 25 17 1 4 1 2 4 8
702 58.424 -25.088 2 5 1 4 1 2 4 8
703 98.755 25.915 10 5 1 4 1 2 4 8
704 69.591 -33.555 20 11 1 4 1 2 4 8
705 1.029 33.041 22 7 1 4 1 2 4 8
706 -66.632 90.285 11 4 1 4 1 2 4 8
707 -27.517 43.353 1 10 1 4 1 2 4 8
708 -84.9 19.004 18 14 1 4 1 2 4 8
709 74.053 72.544 1 22 1 4 1 2 4 8
710 -87.341 -53.581 18 1 1 4 1 2 4 8
711 -90.673 45.421 8 2 1 4 1 2 4 8
712 -74.002 87.768 21 5 1 4 1 2 4 8
713 6.88 -72.567 7 15 1 4 1 2 4 8
714 -13.13 -27.904 25 15 1 4 1 2 4 8
715 -32.988 -49.306 5 7 1 4 1 2 4 8
716 80.828 46.386 22 12 1 4 1 2 4 8
717 20.338 -47.948 24 4 1 4 1 2 4 8
718 -23.864 -99.678 13 7 1 4 1 2 4 8
719 43.901 81.572 11 1 1 4 1 2 4 8
720 97.293 54.545 7 5 1 4 1 2 4 8
721 44.306 -25.952 0 0 0 0
722 -32.403 14.042 0 0 0 0
723 37.663 13.769 0 0 0 0
724 -15.104 12.111 0 0 0 0
