2 22 840 4
410 180
410 180
410 180
410 180
1 70.769 -29.196 5 5 1 4 1 2 4 8
2 -79.231 74.084 5 6 1 4 1 2 4 8
3 97.576 -85.391 1 12 1 4 1 2 4 8
4 68.832 -19.019 25 11 1 4 1 2 4 8
5 -87.907 91.417 20 2 1 4 1 2 4 8
6 -27.185 1.319 17 24 1 4 1 2 4 8
7 49.321 40.594 17 21 1 4 1 2 4 8
8 93.058 62.799 18 19 1 4 1 2 4 8
9 66.827 -43.508 16 20 1 4 1 2 4 8
10 77.556 98.223 15 14 1 4 1 2 4 8
11 -60.744 86.188 23 3 1 4 1 2 4 8
12 79.995 -50.762 21 19 1 4 1 2 4 8
13 64.497 14.175 6 12 1 4 1 2 4 8
14 94.934 54.93 16 3 1 4 1 2 4 8
15 -52.087 66.721 21 25 1 4 1 2 4 8
16 15.07 8.961 9 21 1 4 1 2 4 8
17 35.846 -64.678 15 5 1 4 1 2 4 8
18 23.023 83.251 22 15 1 4 1 2 4 8
19 -11.115 10.705 14 19 1 4 1 2 4 8
20 64.93 39.527 7 25 1 4 1 2 4 8
21 -70.629 -90.927 25 25 1 4 1 2 4 8
22 -87.41 68.209 22 11 1 4 1 2 4 8
23 27.174 -34.118 25 13 1 4 1 2 4 8
24 -53.887 46.247 23 13 1 4 1 2 4 8
25 -95.191 -1.038 21 5 1 4 1 2 4 8
26 19.02 74.803 15 1 1 4 1 2 4 8
27 -26.046 -12.517 18 1 1 4 1 2 4 8
28 19.23 74.597 13 14 1 4 1 2 4 8
29 -95.339 60.508 16 25 1 4 1 2 4 8
30 48.564 -11.497 14 11 1 4 1 2 4 8
31 42.316 -4.864 9 10 1 4 1 2 4 8
32 43.546 61.968 21 14 1 4 1 2 4 8
33 29.527 -98.943 1 22 1 4 1 2 4 8
34 42.071 -69.016 24 13 1 4 1 2 4 8
35 -45.613 29.637 17 7 1 4 1 2 4 8
36 -9.572 -86.566 14 3 1 4 1 2 4 8
37 3.917 33.51 16 21 1 4 1 2 4 8
38 85.217 -79.948 25 5 1 4 1 2 4 8
39 57.628 80.163 13 10 1 4 1 2 4 8
40 96.538 57.972 18 8 1 4 1 2 4 8
41 91.649 -41.534 24 19 1 4 1 2 4 8
42 9.78 93.652 2 20 1 4 1 2 4 8
43 63.531 94.46 4 23 1 4 1 2 4 8
44 77.053 47.884 24 3 1 4 1 2 4 8
45 -36.597 -47.695 2 19 1 4 1 2 4 8
46 -72.402 23.878 25 18 1 4 1 2 4 8
47 -78.868 -50.176 18 18 1 4 1 2 4 8
48 4.082 -89.608 13 7 1 4 1 2 4 8
49 0.059 92.423 16 25 1 4 1 2 4 8
50 -76.866 47.64 21 16 1 4 1 2 4 8
51 83.604 -95.448 8 13 1 4 1 2 4 8
52 93.73 52.683 5 17 1 4 1 2 4 8
53 59.516 22.106 11 4 1 4 1 2 4 8
54 -77.177 -94.324 5 15 1 4 1 2 4 8
55 34.638 -85.192 16 24 1 4 1 2 4 8
56 -55.442 -62.205 17 1 1 4 1 2 4 8
57 -98.137 -73.146 24 1 1 4 1 2 4 8
58 -73.753 -18.809 6 14 1 4 1 2 4 8
59 -13.928 37.488 8 17 1 4 1 2 4 8
60 82.692 -16.542 7 6 1 4 1 2 4 8
61 19.734 73.01 7 6 1 4 1 2 4 8
62 -97.99 57.599 9 24 1 4 1 2 4 8
63 57.439 -82.957 13 13 1 4 1 2 4 8
64 -82.281 47.029 1 23 1 4 1 2 4 8
65 44.269 -40.427 13 9 1 4 1 2 4 8
66 95.576 -2.344 13 25 1 4 1 2 4 8
67 -8.428 -84.828 14 8 1 4 1 2 4 8
68 66.208 -86.82 21 1 1 4 1 2 4 8
69 66.656 -78.973 25 5 1 4 1 2 4 8
70 40.64 90.624 25 9 1 4 1 2 4 8
71 3.163 -41.893 24 12 1 4 1 2 4 8
72 62.926 93.578 21 12 1 4 1 2 4 8
73 -88.784 48.968 12 7 1 4 1 2 4 8
74 -35.348 69.916 14 19 1 4 1 2 4 8
75 48.137 21.153 17 17 1 4 1 2 4 8
76 -87.774 53.083 21 20 1 4 1 2 4 8
77 -33.654 28.555 23 1 1 4 1 2 4 8
78 -81.397 -82.066 11 14 1 4 1 2 4 8
79 92.41 -10.076 10 18 1 4 1 2 4 8
80 70.726 -85.392 9 10 1 4 1 2 4 8
81 35.108 40.007 8 21 1 4 1 2 4 8
82 -54.311 90.973 17 14 1 4 1 2 4 8
83 35.154 33.779 15 8 1 4 1 2 4 8
84 -33.562 -83.864 3 18 1 4 1 2 4 8
85 42.256 -55.045 25 8 1 4 1 2 4 8
86 -94.215 -36.933 4 1 1 4 1 2 4 8
87 89.73 42.601 8 23 1 4 1 2 4 8
88 -57.644 65.021 24 1 1 4 1 2 4 8
89 -78.914 80.272 13 19 1 4 1 2 4 8
90 23.701 24.168 19 23 1 4 1 2 4 8
91 79.622 96.988 16 8 1 4 1 2 4 8
92 -63.145 -5.725 8 24 1 4 1 2 4 8
93 93.216 8.942 10 15 1 4 1 2 4 8
94 -13.405 93.229 23 6 1 4 1 2 4 8
95 -50.427 -72.999 6 5 1 4 1 2 4 8
96 -84.72 -67.492 15 11 1 4 1 2 4 8
97 44.419 41.31 21 8 1 4 1 2 4 8
98 -62.745 65.696 13 24 1 4 1 2 4 8
99 56.967 40.619 4 6 1 4 1 2 4 8
100 60.497 -71.289 7 23 1 4 1 2 4 8
101 59.729 -28.772 4 1 1 4 1 2 4 8
102 27.977 10.761 21 7 1 4 1 2 4 8
103 -11.22 55.675 18 5 1 4 1 2 4 8
104 15.038 -71.58 12 1 1 4 1 2 4 8
105 2.362 -68.305 16 9 1 4 1 2 4 8
106 58.311 48.743 5 12 1 4 1 2 4 8
107 -68.317 85.241 24 15 1 4 1 2 4 8
108 61.408 -70.084 4 25 1 4 1 2 4 8
109 26.996 69.617 8 10 1 4 1 2 4 8
110 62.101 -59.575 1 19 1 4 1 2 4 8
111 65.2 -79.032 9 8 1 4 1 2 4 8
112 28.54 -57.815 2 9 1 4 1 2 4 8
113 -70.423 -80.983 24 25 1 4 1 2 4 8
114 88.97 -62.216 24 19 1 4 1 2 4 8
115 90.236 65.352 18 22 1 4 1 2 4 8
116 50.477 43.724 19 21 1 4 1 2 4 8
117 63.462 15.785 13 23 1 4 1 2 4 8
118 -96.279 -76.955 18 16 1 4 1 2 4 8
119 -6.412 -8.384 14 23 1 4 1 2 4 8
120 -88.11 36.757 10 7 1 4 1 2 4 8
121 57.635 74.254 18 15 1 4 1 2 4 8
122 75.649 -22.328 3 5 1 4 1 2 4 8
123 22.128 -58.142 3 19 1 4 1 2 4 8
124 -80.607 -68.704 20 3 1 4 1 2 4 8
125 77.577 55.188 15 21 1 4 1 2 4 8
126 44.177 29.352 2 12 1 4 1 2 4 8
127 31.48 34.232 18 12 1 4 1 2 4 8
128 -53.086 30.88 10 7 1 4 1 2 4 8
129 -29.757 -67.398 9 3 1 4 1 2 4 8
130 55.592 -74.02 2 6 1 4 1 2 4 8
131 -25.893 35.631 11 24 1 4 1 2 4 8
132 20.784 20.082 17 6 1 4 1 2 4 8
133 46.345 -91.145 23 3 1 4 1 2 4 8
134 -66.123 -46.35 21 15 1 4 1 2 4 8
135 75.201 -35.894 4 7 1 4 1 2 4 8
136 36.561 60.148 14 9 1 4 1 2 4 8
137 61.374 97.776 1 18 1 4 1 2 4 8
138 81.275 81.851 15 21 1 4 1 2 4 8
139 -49.189 -60.161 7 20 1 4 1 2 4 8
140 44.034 -53.23 17 24 1 4 1 2 4 8
141 37.828 -68.314 12 7 1 4 1 2 4 8
142 -53.671 -23.869 12 10 1 4 1 2 4 8
143 -57.209 44.528 11 3 1 4 1 2 4 8
144 39.521 -95.385 17 12 1 4 1 2 4 8
145 -91.131 -65.33 20 10 1 4 1 2 4 8
146 8.347 65.426 6 3 1 4 1 2 4 8
147 75.979 89.084 1 18 1 4 1 2 4 8
148 99.637 -49.794 25 16 1 4 1 2 4 8
149 -23.496 95.279 1 25 1 4 1 2 4 8
150 -79.277 -22.748 23 19 1 4 1 2 4 8
151 15.242 95.652 21 18 1 4 1 2 4 8
152 -84.997 -0.574 4 1 1 4 1 2 4 8
153 91.039 69.953 10 14 1 4 1 2 4 8
154 -60.235 81.351 20 19 1 4 1 2 4 8
155 17.006 56.009 17 18 1 4 1 2 4 8
156 -66.73 -41.659 10 18 1 4 1 2 4 8
157 -4.533 9.104 6 18 1 4 1 2 4 8
158 -6.237 85.991 22 11 1 4 1 2 4 8
159 -75.497 97.859 11 20 1 4 1 2 4 8
160 7.882 40.441 9 19 1 4 1 2 4 8
161 -52.731 99.84 22 18 1 4 1 2 4 8
162 89.001 21.294 25 1 1 4 1 2 4 8
163 -29.736 -36.741 1 4 1 4 1 2 4 8
164 19.658 -61.825 2 7 1 4 1 2 4 8
165 83.76 -44.755 10 8 1 4 1 2 4 8
166 -81.878 -88.726 24 1 1 4 1 2 4 8
167 15.145 38.068 15 15 1 4 1 2 4 8
168 71.735 46.04 2 6 1 4 1 2 4 8
169 58.221 92.206 8 25 1 4 1 2 4 8
170 -34.867 -90.024 5 2 1 4 1 2 4 8
171 4.769 90.88 22 6 1 4 1 2 4 8
172 -79.62 43.504 16 4 1 4 1 2 4 8
173 79.308 -61.354 7 2 1 4 1 2 4 8
174 -97.764 4.529 15 22 1 4 1 2 4 8
175 -71.019 18.95 6 13 1 4 1 2 4 8
176 -63.107 50.759 2 25 1 4 1 2 4 8
177 70.727 97.116 11 25 1 4 1 2 4 8
178 98.13 -21.122 9 4 1 4 1 2 4 8
179 90.441 89.427 13 13 1 4 1 2 4 8
180 -89.295 -86.07 20 14 1 4 1 2 4 8
181 54.095 31.333 1 17 1 4 1 2 4 8
182 -47.018 -99.842 11 15 1 4 1 2 4 8
183 77.426 -32.749 7 8 1 4 1 2 4 8
184 -50.837 44.492 17 16 1 4 1 2 4 8
185 -24.373 -41.795 18 25 1 4 1 2 4 8
186 -79.746 52.476 9 4 1 4 1 2 4 8
187 21.31 -51.234 19 23 1 4 1 2 4 8
188 57.616 68.896 23 3 1 4 1 2 4 8
189 -34.608 -70.334 9 11 1 4 1 2 4 8
190 -42.363 92.175 19 13 1 4 1 2 4 8
191 43.436 -18.255 19 8 1 4 1 2 4 8
192 -68.816 28.156 12 7 1 4 1 2 4 8
193 79.252 99.155 10 5 1 4 1 2 4 8
194 73.23 2.06 16 13 1 4 1 2 4 8
195 -8.354 41.97 8 13 1 4 1 2 4 8
196 56.291 -85.561 7 1 1 4 1 2 4 8
197 65.575 15.525 7 1 1 4 1 2 4 8
198 89.525 0.676 15 18 1 4 1 2 4 8
199 -86.819 -15.437 15 13 1 4 1 2 4 8
200 -75.8 30.985 17 25 1 4 1 2 4 8
201 28.025 64.54 16 14 1 4 1 2 4 8
202 -88.73 20.473 24 20 1 4 1 2 4 8
203 68.548 47.348 12 10 1 4 1 2 4 8
204 -67.247 -58.783 21 24 1 4 1 2 4 8
205 84.605 -23.11 10 25 1 4 1 2 4 8
206 -14.231 82.473 14 9 1 4 1 2 4 8
207 -40.406 -74.69 1 16 1 4 1 2 4 8
208 -24.282 78.877 7 19 1 4 1 2 4 8
209 -28.25 -84.13 20 3 1 4 1 2 4 8
210 64.565 -26.288 13 18 1 4 1 2 4 8
211 85.108 -52.882 7 21 1 4 1 2 4 8
212 -79.472 45.79 23 6 1 4 1 2 4 8
213 -5.336 88.046 19 10 1 4 1 2 4 8
214 -78.764 49.502 21 22 1 4 1 2 4 8
215 -63.111 73.002 21 14 1 4 1 2 4 8
216 -3.891 -99.948 3 5 1 4 1 2 4 8
217 7.549 -5.308 13 25 1 4 1 2 4 8
218 19.123 -27.018 8 15 1 4 1 2 4 8
219 44.737 -16.687 14 11 1 4 1 2 4 8
220 72.585 -74.851 7 7 1 4 1 2 4 8
221 -16.839 37.726 13 13 1 4 1 2 4 8
222 94.261 92.015 5 10 1 4 1 2 4 8
223 56.192 -84.283 4 18 1 4 1 2 4 8
224 68.635 26.727 23 25 1 4 1 2 4 8
225 -99.17 28.876 25 24 1 4 1 2 4 8
226 -45.074 50.54 22 21 1 4 1 2 4 8
227 3.857 92.612 1 2 1 4 1 2 4 8
228 20.222 -69.211 21 19 1 4 1 2 4 8
229 -40.476 -77.39 11 23 1 4 1 2 4 8
230 -57.198 -72.777 18 9 1 4 1 2 4 8
231 56.312 65.402 18 9 1 4 1 2 4 8
232 69.7 80.937 15 11 1 4 1 2 4 8
233 90.906 -9.33 13 20 1 4 1 2 4 8
234 -97.436 65.063 22 24 1 4 1 2 4 8
235 42.06 31.785 22 16 1 4 1 2 4 8
236 -73.499 21.246 10 2 1 4 1 2 4 8
237 -85.046 -27.866 20 19 1 4 1 2 4 8
238 49.337 -89.743 9 10 1 4 1 2 4 8
239 35.597 -19.54 14 3 1 4 1 2 4 8
240 -61.688 37.016 23 7 1 4 1 2 4 8
241 42.689 -45.019 1 7 1 4 1 2 4 8
242 92.79 -94.538 23 22 1 4 1 2 4 8
243 24.999 -60.03 9 4 1 4 1 2 4 8
244 -59.224 -77.116 12 1 1 4 1 2 4 8
245 90.548 30.961 10 22 1 4 1 2 4 8
246 -12.275 88.35 17 3 1 4 1 2 4 8
247 55.234 16.229 9 2 1 4 1 2 4 8
248 27.81 98.151 12 16 1 4 1 2 4 8
249 -3.149 -65.864 15 25 1 4 1 2 4 8
250 98.907 -38.92 11 24 1 4 1 2 4 8
251 32.179 79.962 17 2 1 4 1 2 4 8
252 28.28 68.653 10 1 1 4 1 2 4 8
253 18.019 -32.892 14 21 1 4 1 2 4 8
254 -6.911 -77.002 25 15 1 4 1 2 4 8
255 -11.851 64.795 24 20 1 4 1 2 4 8
256 51.136 -85.981 2 11 1 4 1 2 4 8
257 36.686 -22.851 5 1 1 4 1 2 4 8
258 -67.853 -98.845 11 10 1 4 1 2 4 8
259 -80.102 -3.15 23 13 1 4 1 2 4 8
260 87.073 -2.082 7 10 1 4 1 2 4 8
261 -57.074 2.351 2 10 1 4 1 2 4 8
262 75.097 74.816 25 7 1 4 1 2 4 8
263 73.501 3.689 2 11 1 4 1 2 4 8
264 68.862 74.515 17 18 1 4 1 2 4 8
265 -27.734 -38.551 2 11 1 4 1 2 4 8
266 81.097 89.536 8 18 1 4 1 2 4 8
267 78.878 -45.516 5 22 1 4 1 2 4 8
268 23.462 -92.327 21 15 1 4 1 2 4 8
269 -83.392 16.664 23 9 1 4 1 2 4 8
270 -67.957 94.658 20 9 1 4 1 2 4 8
271 7.112 -49.165 7 10 1 4 1 2 4 8
272 -83.452 73.871 3 25 1 4 1 2 4 8
273 94.96 -64.55 21 19 1 4 1 2 4 8
274 84.39 28.653 16 21 1 4 1 2 4 8
275 71.381 -95.378 15 23 1 4 1 2 4 8
276 -32.943 -64.505 11 1 1 4 1 2 4 8
277 -42.012 37.956 17 4 1 4 1 2 4 8
278 -27.482 -72.12 19 16 1 4 1 2 4 8
279 13.155 -61.826 14 1 1 4 1 2 4 8
280 88.124 54.19 10 5 1 4 1 2 4 8
281 -68.968 -71.299 19 4 1 4 1 2 4 8
282 -97.041 9.426 20 7 1 4 1 2 4 8
283 -81.893 -61.942 17 8 1 4 1 2 4 8
284 86.794 -37.83 2 2 1 4 1 2 4 8
285 18.363 29.664 22 5 1 4 1 2 4 8
286 -50.519 95.311 8 4 1 4 1 2 4 8
287 51.922 13.562 8 23 1 4 1 2 4 8
288 -63.163 -54.967 23 8 1 4 1 2 4 8
289 -97.65 23.888 6 10 1 4 1 2 4 8
290 -6.737 28.808 20 16 1 4 1 2 4 8
291 10.109 -92.166 5 9 1 4 1 2 4 8
292 -45.46 -3.36 13 25 1 4 1 2 4 8
293 81.001 47.966 15 23 1 4 1 2 4 8
294 -44.665 -58.114 8 1 1 4 1 2 4 8
295 55.571 -22.96 11 16 1 4 1 2 4 8
296 84.259 -75.528 3 4 1 4 1 2 4 8
297 84.793 68.606 20 9 1 4 1 2 4 8
298 34.711 -40.102 7 16 1 4 1 2 4 8
299 -89.04 -7.186 1 21 1 4 1 2 4 8
300 -61.039 40.829 9 14 1 4 1 2 4 8
301 -24.26 -11.067 12 4 1 4 1 2 4 8
302 64.501 -53.568 19 7 1 4 1 2 4 8
303 -0.296 83.299 9 10 1 4 1 2 4 8
304 -57.614 -52.736 9 14 1 4 1 2 4 8
305 49.224 34.873 15 1 1 4 1 2 4 8
306 -9.184 -93.817 14 19 1 4 1 2 4 8
307 32.108 -19.172 11 3 1 4 1 2 4 8
308 -88.309 -56.421 15 18 1 4 1 2 4 8
309 -80.604 -91.908 11 19 1 4 1 2 4 8
310 95.905 66.735 13 20 1 4 1 2 4 8
311 80.853 70.21 19 19 1 4 1 2 4 8
312 -15.086 86.436 24 11 1 4 1 2 4 8
313 -36.493 58.852 11 4 1 4 1 2 4 8
314 42.46 -68.931 19 15 1 4 1 2 4 8
315 -50.904 87.312 5 17 1 4 1 2 4 8
316 -71.612 -23.398 12 15 1 4 1 2 4 8
317 92.321 35.984 14 9 1 4 1 2 4 8
318 48.304 35.815 21 24 1 4 1 2 4 8
319 11.621 -71.534 2 14 1 4 1 2 4 8
320 -14.256 64.879 21 8 1 4 1 2 4 8
321 -23.533 40.119 17 5 1 4 1 2 4 8
322 -0.337 53.996 9 6 1 4 1 2 4 8
323 -53.791 73.958 14 4 1 4 1 2 4 8
324 -36.616 -99.178 10 2 1 4 1 2 4 8
325 33.47 -93.486 16 17 1 4 1 2 4 8
326 -98.427 -35.969 17 23 1 4 1 2 4 8
327 94.118 -46.456 14 18 1 4 1 2 4 8
328 15.39 26.725 17 6 1 4 1 2 4 8
329 12.05 27.397 6 4 1 4 1 2 4 8
330 -77.921 -31.492 17 18 1 4 1 2 4 8
331 62.305 72.457 13 2 1 4 1 2 4 8
332 87.468 8.826 18 23 1 4 1 2 4 8
333 -94.983 70.145 13 6 1 4 1 2 4 8
334 43.498 41.279 24 20 1 4 1 2 4 8
335 -70.285 31.852 6 22 1 4 1 2 4 8
336 80.375 27.776 19 17 1 4 1 2 4 8
337 8.985 93.313 24 19 1 4 1 2 4 8
338 92.54 -52.894 11 23 1 4 1 2 4 8
339 72.002 16.913 11 8 1 4 1 2 4 8
340 97.377 -23.339 22 5 1 4 1 2 4 8
341 36.717 47.516 7 6 1 4 1 2 4 8
342 7.149 -71.451 4 13 1 4 1 2 4 8
343 -43.206 42.939 15 1 1 4 1 2 4 8
344 -83.605 90.892 13 5 1 4 1 2 4 8
345 1.67 94.475 14 22 1 4 1 2 4 8
346 40.715 -1.898 10 13 1 4 1 2 4 8
347 -18.009 96.118 20 13 1 4 1 2 4 8
348 68.544 32.884 20 17 1 4 1 2 4 8
349 65.797 95.628 20 19 1 4 1 2 4 8
350 22.312 73.149 13 10 1 4 1 2 4 8
351 52.49 17.437 2 16 1 4 1 2 4 8
352 73.874 77.598 11 22 1 4 1 2 4 8
353 -92.253 -90.888 24 4 1 4 1 2 4 8
354 41.127 -58.161 8 14 1 4 1 2 4 8
355 96.775 -23.832 9 6 1 4 1 2 4 8
356 -74.067 -94.372 23 19 1 4 1 2 4 8
357 -0.832 -87.738 2 11 1 4 1 2 4 8
358 38.495 1.565 10 4 1 4 1 2 4 8
359 61.817 -2.644 11 19 1 4 1 2 4 8
360 -73.967 -4.3 2 17 1 4 1 2 4 8
361 -60.871 81.892 12 10 1 4 1 2 4 8
362 60.472 -30.597 22 24 1 4 1 2 4 8
363 85.386 -28.128 9 8 1 4 1 2 4 8
364 62.164 34.636 1 8 1 4 1 2 4 8
365 83.207 -9.123 3 21 1 4 1 2 4 8
366 82.309 29.769 25 5 1 4 1 2 4 8
367 42.677 90.018 12 12 1 4 1 2 4 8
368 63.058 -83.133 20 18 1 4 1 2 4 8
369 57.468 44.776 24 12 1 4 1 2 4 8
370 -7.174 15.914 3 5 1 4 1 2 4 8
371 64.042 93.588 2 12 1 4 1 2 4 8
372 80.888 -79.97 22 20 1 4 1 2 4 8
373 -48.211 61.308 22 22 1 4 1 2 4 8
374 46 49.296 19 3 1 4 1 2 4 8
375 -20.976 -33.139 2 9 1 4 1 2 4 8
376 -6.022 78.92 15 8 1 4 1 2 4 8
377 68.822 91.597 16 11 1 4 1 2 4 8
378 42.975 -20.081 25 18 1 4 1 2 4 8
379 71.159 -32.69 23 21 1 4 1 2 4 8
380 16.073 -74.893 5 11 1 4 1 2 4 8
381 16.044 68.169 23 9 1 4 1 2 4 8
382 -84.073 28.892 13 23 1 4 1 2 4 8
383 -90.873 73.607 16 21 1 4 1 2 4 8
384 -77.124 63.195 7 2 1 4 1 2 4 8
385 20.298 46.353 18 7 1 4 1 2 4 8
386 28.419 43.747 3 6 1 4 1 2 4 8
387 -33.562 -30.091 22 7 1 4 1 2 4 8
388 -16.029 -76.392 7 10 1 4 1 2 4 8
389 -64.067 26.829 15 11 1 4 1 2 4 8
390 -22.846 -69.793 13 20 1 4 1 2 4 8
391 12.682 -95.128 24 10 1 4 1 2 4 8
392 87.071 33.365 17 10 1 4 1 2 4 8
393 -77.532 -96.939 9 19 1 4 1 2 4 8
394 -39.146 45.573 12 13 1 4 1 2 4 8
395 -35.479 10.24 2 22 1 4 1 2 4 8
396 -65.554 -65.485 14 7 1 4 1 2 4 8
397 -83.83 86.488 7 8 1 4 1 2 4 8
398 -68.427 46.705 18 22 1 4 1 2 4 8
399 58.965 42.187 3 22 1 4 1 2 4 8
400 -60.307 -4.92 22 1 1 4 1 2 4 8
401 -28.404 90.417 10 23 1 4 1 2 4 8
402 -36.312 81.37 18 3 1 4 1 2 4 8
403 5.959 -95.856 8 19 1 4 1 2 4 8
404 47.945 -24.239 18 8 1 4 1 2 4 8
405 59.546 69.268 23 9 1 4 1 2 4 8
406 -60.668 81.323 18 25 1 4 1 2 4 8
407 96.854 -91.124 4 10 1 4 1 2 4 8
408 -40.165 -59.739 20 15 1 4 1 2 4 8
409 92.492 48.342 8 8 1 4 1 2 4 8
410 -99.176 -50.842 18 24 1 4 1 2 4 8
411 -57.212 86.088 6 4 1 4 1 2 4 8
412 -2.321 53.219 2 6 1 4 1 2 4 8
413 -18.476 26.456 12 8 1 4 1 2 4 8
414 86.736 -91.984 19 8 1 4 1 2 4 8
415 -62.626 -85.132 10 16 1 4 1 2 4 8
416 -22.398 5.252 18 9 1 4 1 2 4 8
417 -98.833 -67.259 17 18 1 4 1 2 4 8
418 -4.144 -94.902 24 10 1 4 1 2 4 8
419 1.006 -44.857 2 8 1 4 1 2 4 8
420 71.322 -85.45 5 15 1 4 1 2 4 8
421 -26.819 56.631 22 6 1 4 1 2 4 8
422 80.4 -74.653 17 5 1 4 1 2 4 8
423 -53.784 -19.964 22 5 1 4 1 2 4 8
424 30.723 -62.044 19 19 1 4 1 2 4 8
425 -56.908 -51.124 21 25 1 4 1 2 4 8
426 64.213 -10.371 20 5 1 4 1 2 4 8
427 -0.891 -33.581 10 9 1 4 1 2 4 8
428 67.054 76.331 3 13 1 4 1 2 4 8
429 44.651 -94.292 16 3 1 4 1 2 4 8
430 -15.677 -12.886 19 5 1 4 1 2 4 8
431 85.256 45.798 24 2 1 4 1 2 4 8
432 16.507 -18.696 21 20 1 4 1 2 4 8
433 -91.634 -14.836 7 15 1 4 1 2 4 8
434 -67.361 -2.449 8 23 1 4 1 2 4 8
435 93.633 -90.12 14 18 1 4 1 2 4 8
436 69.659 -41.857 10 4 1 4 1 2 4 8
437 -19.218 75.851 13 10 1 4 1 2 4 8
438 -27.041 17.219 14 9 1 4 1 2 4 8
439 -35.358 45.51 13 22 1 4 1 2 4 8
440 -90.176 -14.341 10 11 1 4 1 2 4 8
441 -74.069 86.853 4 25 1 4 1 2 4 8
442 96.223 -15.119 17 21 1 4 1 2 4 8
443 -45.816 -55.769 1 22 1 4 1 2 4 8
444 -35.536 -29.582 19 1 1 4 1 2 4 8
445 -14.635 80.153 24 21 1 4 1 2 4 8
446 -77.263 78.472 7 17 1 4 1 2 4 8
447 -28.877 3.705 16 25 1 4 1 2 4 8
448 55.512 84.718 13 5 1 4 1 2 4 8
449 65.973 -36.891 5 20 1 4 1 2 4 8
450 52.071 -25.238 9 12 1 4 1 2 4 8
451 -85.187 -75.767 10 24 1 4 1 2 4 8
452 -90.918 -90.735 17 10 1 4 1 2 4 8
453 93.824 -16.043 24 25 1 4 1 2 4 8
454 33.038 61.774 23 21 1 4 1 2 4 8
455 -75.614 84.94 10 23 1 4 1 2 4 8
456 -45.421 -78.252 2 21 1 4 1 2 4 8
457 49.961 -38.581 22 10 1 4 1 2 4 8
458 57.311 -44.891 3 19 1 4 1 2 4 8
459 97.436 10.077 12 10 1 4 1 2 4 8
460 41.046 41.948 1 25 1 4 1 2 4 8
461 -77.767 -54.771 6 10 1 4 1 2 4 8
462 -2.462 58.478 12 18 1 4 1 2 4 8
463 26.917 -63.358 3 17 1 4 1 2 4 8
464 -83.593 -42.26 16 18 1 4 1 2 4 8
465 69.486 66.834 10 13 1 4 1 2 4 8
466 -57.189 -95.577 3 3 1 4 1 2 4 8
467 -88.043 48.024 17 22 1 4 1 2 4 8
468 -18.915 -81.715 13 20 1 4 1 2 4 8
469 45.583 -87.733 13 7 1 4 1 2 4 8
470 85.66 -27.88 4 1 1 4 1 2 4 8
471 -41.68 -79.082 21 5 1 4 1 2 4 8
472 21.198 -18.956 1 7 1 4 1 2 4 8
473 1.735 53.347 15 13 1 4 1 2 4 8
474 23.321 78.706 2 12 1 4 1 2 4 8
475 77.76 -93.858 8 14 1 4 1 2 4 8
476 21.941 -81.506 22 13 1 4 1 2 4 8
477 34.05 77.64 21 20 1 4 1 2 4 8
478 -93.241 73.426 14 3 1 4 1 2 4 8
479 -84.527 -85.113 3 21 1 4 1 2 4 8
480 -50.976 -81.99 12 20 1 4 1 2 4 8
481 88.528 6.919 14 9 1 4 1 2 4 8
482 -57.178 43.544 20 6 1 4 1 2 4 8
483 -74.923 58.584 8 3 1 4 1 2 4 8
484 -89.793 -92.593 19 19 1 4 1 2 4 8
485 -41.034 -36.772 11 10 1 4 1 2 4 8
486 -65.355 -11.517 9 4 1 4 1 2 4 8
487 82.661 46.228 4 13 1 4 1 2 4 8
488 23.438 -37.396 21 11 1 4 1 2 4 8
489 53.306 -64.271 4 11 1 4 1 2 4 8
490 89.277 22.37 1 25 1 4 1 2 4 8
491 15.57 96.585 1 4 1 4 1 2 4 8
492 1.772 48.199 15 1 1 4 1 2 4 8
493 71.348 98.848 7 8 1 4 1 2 4 8
494 13.373 22.73 6 13 1 4 1 2 4 8
495 -6.141 -51.58 12 6 1 4 1 2 4 8
496 -34.736 20.601 23 20 1 4 1 2 4 8
497 95.286 -56.926 18 15 1 4 1 2 4 8
498 -87.406 -38.125 24 20 1 4 1 2 4 8
499 -59.317 -85.907 24 19 1 4 1 2 4 8
500 -14.565 76.532 15 16 1 4 1 2 4 8
501 89.762 -27.029 8 2 1 4 1 2 4 8
502 -18.774 -22.189 22 4 1 4 1 2 4 8
503 -13.634 28.243 3 9 1 4 1 2 4 8
504 78.034 55.721 24 6 1 4 1 2 4 8
505 -36.83 -45.097 9 17 1 4 1 2 4 8
506 80.829 75.217 22 14 1 4 1 2 4 8
507 30.575 -55.624 21 21 1 4 1 2 4 8
508 -67.724 -83.497 18 25 1 4 1 2 4 8
509 75.639 -17.98 13 14 1 4 1 2 4 8
510 46.813 69.921 25 13 1 4 1 2 4 8
511 38.953 17.277 5 6 1 4 1 2 4 8
512 41.26 96.641 25 13 1 4 1 2 4 8
513 -66.746 -6.867 2 2 1 4 1 2 4 8
514 -20.3 95.695 1 3 1 4 1 2 4 8
515 -37.521 -37.852 14 18 1 4 1 2 4 8
516 94.501 5.934 16 19 1 4 1 2 4 8
517 50.498 83.401 18 12 1 4 1 2 4 8
518 -50.109 37.137 19 5 1 4 1 2 4 8
519 17.325 -58.111 23 1 1 4 1 2 4 8
520 52.618 65.765 10 4 1 4 1 2 4 8
521 -84.233 29.986 22 10 1 4 1 2 4 8
522 86.995 62.218 20 14 1 4 1 2 4 8
523 -62.845 27.576 25 12 1 4 1 2 4 8
524 14.001 -30.132 16 3 1 4 1 2 4 8
525 -88.668 26.272 20 4 1 4 1 2 4 8
526 -53.739 -82.768 9 13 1 4 1 2 4 8
527 37.068 -72.823 4 15 1 4 1 2 4 8
528 29.918 93.692 23 4 1 4 1 2 4 8
529 -38.49 -59.083 21 19 1 4 1 2 4 8
530 88.32 -28.194 25 2 1 4 1 2 4 8
531 92.611 -63.98 14 20 1 4 1 2 4 8
532 -93.98 76.63 23 14 1 4 1 2 4 8
533 -62.602 -13.492 11 18 1 4 1 2 4 8
534 14.681 56.532 3 25 1 4 1 2 4 8
535 -87.354 -96.753 14 4 1 4 1 2 4 8
536 61.723 81.262 5 25 1 4 1 2 4 8
537 61.604 -51.428 11 12 1 4 1 2 4 8
538 -27.371 67.85 16 22 1 4 1 2 4 8
539 97.491 -86.65 5 15 1 4 1 2 4 8
540 42.246 30.559 24 25 1 4 1 2 4 8
541 -23.877 8.191 25 1 1 4 1 2 4 8
542 8.956 -62.389 22 18 1 4 1 2 4 8
543 -57.036 -88.013 16 4 1 4 1 2 4 8
544 -79.894 49.307 8 9 1 4 1 2 4 8
545 -99.301 34.122 17 18 1 4 1 2 4 8
546 88.556 -38.902 11 7 1 4 1 2 4 8
547 -53.801 8.162 4 6 1 4 1 2 4 8
548 -87.782 17.79 17 22 1 4 1 2 4 8
549 -66.86 51.051 2 11 1 4 1 2 4 8
550 -4.987 -65.167 25 21 1 4 1 2 4 8
551 -26.83 57.736 23 1 1 4 1 2 4 8
552 66.033 70.991 12 12 1 4 1 2 4 8
553 42.065 59.082 25 15 1 4 1 2 4 8
554 24.04 -43.993 10 11 1 4 1 2 4 8
555 -3.189 -2.629 5 16 1 4 1 2 4 8
556 94.936 48.441 22 25 1 4 1 2 4 8
557 -70.829 48.767 18 17 1 4 1 2 4 8
558 -72.518 62.961 3 15 1 4 1 2 4 8
559 -79.644 -30.005 3 19 1 4 1 2 4 8
560 -31.383 -49.451 25 5 1 4 1 2 4 8
561 2.287 56.965 23 5 1 4 1 2 4 8
562 -10.244 97.08 13 21 1 4 1 2 4 8
563 -98.331 -73.901 19 1 1 4 1 2 4 8
564 93.529 -10.168 15 11 1 4 1 2 4 8
565 -90.344 -73.259 23 8 1 4 1 2 4 8
566 -71.978 29.908 13 24 1 4 1 2 4 8
567 -53.931 98.754 25 23 1 4 1 2 4 8
568 39.063 10.348 1 7 1 4 1 2 4 8
569 -62.518 -85.055 20 18 1 4 1 2 4 8
570 81.719 69.002 11 3 1 4 1 2 4 8
571 7.12 89.661 10 13 1 4 1 2 4 8
572 -3.421 46.259 10 20 1 4 1 2 4 8
573 -93.486 36.343 16 18 1 4 1 2 4 8
574 36.739 -61.649 2 21 1 4 1 2 4 8
575 -62.696 13.799 25 11 1 4 1 2 4 8
576 -34.196 -97.065 13 11 1 4 1 2 4 8
577 1.266 80.676 7 8 1 4 1 2 4 8
578 -11.88 -97.818 1 14 1 4 1 2 4 8
579 91.598 -95.487 22 13 1 4 1 2 4 8
580 60.045 72.278 5 1 1 4 1 2 4 8
581 97.106 -18.126 15 25 1 4 1 2 4 8
582 77.24 0.462 25 2 1 4 1 2 4 8
583 -14.104 60.393 3 23 1 4 1 2 4 8
584 49.839 -4.653 18 15 1 4 1 2 4 8
585 43.943 -52.289 16 6 1 4 1 2 4 8
586 -39.55 27.204 5 25 1 4 1 2 4 8
587 -82.302 -36.42 13 6 1 4 1 2 4 8
588 39.948 86.543 4 18 1 4 1 2 4 8
589 79.764 48.995 21 18 1 4 1 2 4 8
590 -1.636 48.366 8 3 1 4 1 2 4 8
591 68.35 61.481 7 9 1 4 1 2 4 8
592 94.645 -46.407 5 14 1 4 1 2 4 8
593 -71.423 59.998 15 11 1 4 1 2 4 8
594 43.444 2.69 22 6 1 4 1 2 4 8
595 -93.703 -8.622 3 18 1 4 1 2 4 8
596 -82.171 8.661 11 17 1 4 1 2 4 8
597 91.37 -74.881 12 13 1 4 1 2 4 8
598 39.925 77.309 6 24 1 4 1 2 4 8
599 -28.188 78.632 9 9 1 4 1 2 4 8
600 21.85 -82.818 1 12 1 4 1 2 4 8
601 -64.28 78.147 25 25 1 4 1 2 4 8
602 -23.185 10.224 22 23 1 4 1 2 4 8
603 77.027 63.671 1 9 1 4 1 2 4 8
604 -91.702 -70.145 2 7 1 4 1 2 4 8
605 -13.896 74.756 16 23 1 4 1 2 4 8
606 -90.327 -70.9 19 15 1 4 1 2 4 8
607 -78.138 54.197 23 7 1 4 1 2 4 8
608 96.311 -60.239 7 21 1 4 1 2 4 8
609 -79.35 44.176 23 24 1 4 1 2 4 8
610 76.7 -46.883 19 15 1 4 1 2 4 8
611 48.649 -47.658 22 11 1 4 1 2 4 8
612 -22.578 45.374 5 7 1 4 1 2 4 8
613 -42.283 -63.373 22 7 1 4 1 2 4 8
614 -9.863 -82.867 12 18 1 4 1 2 4 8
615 61.138 38.756 17 3 1 4 1 2 4 8
616 55.011 -68.075 17 20 1 4 1 2 4 8
617 7.204 -65.524 13 2 1 4 1 2 4 8
618 26.251 67.669 12 24 1 4 1 2 4 8
619 82.376 9.604 16 15 1 4 1 2 4 8
620 24.097 70.494 7 3 1 4 1 2 4 8
621 -84.662 38.698 24 13 1 4 1 2 4 8
622 69.828 -94.464 3 4 1 4 1 2 4 8
623 26.902 71.378 19 6 1 4 1 2 4 8
624 92.137 92.418 14 2 1 4 1 2 4 8
625 52.898 -56.02 15 2 1 4 1 2 4 8
626 70.811 45.345 24 19 1 4 1 2 4 8
627 -48.772 -73.319 3 6 1 4 1 2 4 8
628 49.712 -86.421 24 5 1 4 1 2 4 8
629 -40.758 17.025 5 17 1 4 1 2 4 8
630 -20.36 80.11 24 2 1 4 1 2 4 8
631 -19.43 -78.314 18 11 1 4 1 2 4 8
632 77.457 -5.572 14 2 1 4 1 2 4 8
633 50.663 -50.152 18 7 1 4 1 2 4 8
634 41.693 90.021 21 10 1 4 1 2 4 8
635 37.089 48.551 18 12 1 4 1 2 4 8
636 -26.572 -70.862 20 16 1 4 1 2 4 8
637 -42.298 -78.571 16 2 1 4 1 2 4 8
638 16.27 48.373 11 8 1 4 1 2 4 8
639 -89.639 4.546 3 25 1 4 1 2 4 8
640 -82.556 56.598 18 14 1 4 1 2 4 8
641 80.046 54.554 9 20 1 4 1 2 4 8
642 -20.044 -22.592 16 14 1 4 1 2 4 8
643 -40.026 -96.147 4 21 1 4 1 2 4 8
644 -69.779 -16.086 10 23 1 4 1 2 4 8
645 -49.63 -80.411 23 8 1 4 1 2 4 8
646 -29.008 36.073 18 25 1 4 1 2 4 8
647 -11.208 91.789 8 23 1 4 1 2 4 8
648 -75.514 54.001 5 6 1 4 1 2 4 8
649 -29.107 -79.827 5 24 1 4 1 2 4 8
650 -97.607 -28.78 20 12 1 4 1 2 4 8
651 -42.006 -35.312 15 4 1 4 1 2 4 8
652 51.9 57.757 25 5 1 4 1 2 4 8
653 5.185 48.656 12 11 1 4 1 2 4 8
654 45.895 51.01 19 9 1 4 1 2 4 8
655 33.191 -82.843 4 23 1 4 1 2 4 8
656 85.046 13.184 11 18 1 4 1 2 4 8
657 44.102 67.494 23 23 1 4 1 2 4 8
658 0.931 19.547 2 20 1 4 1 2 4 8
659 -26.083 24.157 15 15 1 4 1 2 4 8
660 73.602 84.618 7 13 1 4 1 2 4 8
661 -90.298 60.881 7 12 1 4 1 2 4 8
662 -70.263 96.525 18 13 1 4 1 2 4 8
663 -76.467 66.87 14 4 1 4 1 2 4 8
664 -23.659 78.402 8 2 1 4 1 2 4 8
665 -90.451 6.929 25 21 1 4 1 2 4 8
666 48.228 -15.129 14 20 1 4 1 2 4 8
667 34.438 -59.024 25 13 1 4 1 2 4 8
668 77.358 2.638 25 18 1 4 1 2 4 8
669 -74.477 86.767 11 23 1 4 1 2 4 8
670 44.852 -72.855 5 23 1 4 1 2 4 8
671 -20.254 -73.935 8 25 1 4 1 2 4 8
672 -62.292 -69.612 25 5 1 4 1 2 4 8
673 36.13 -26.434 4 24 1 4 1 2 4 8
674 -83.702 -19.421 13 5 1 4 1 2 4 8
675 -9.16 -98.196 17 17 1 4 1 2 4 8
676 -50.843 99.279 17 22 1 4 1 2 4 8
677 -83.812 84.11 17 14 1 4 1 2 4 8
678 -77.961 65.717 9 13 1 4 1 2 4 8
679 15.946 72.403 6 23 1 4 1 2 4 8
680 23.219 -49.943 14 24 1 4 1 2 4 8
681 4.438 -83.83 20 12 1 4 1 2 4 8
682 -24.615 29.512 16 1 1 4 1 2 4 8
683 40.386 -76.915 17 15 1 4 1 2 4 8
684 -54.999 8.693 2 3 1 4 1 2 4 8
685 44.16 -99.736 15 5 1 4 1 2 4 8
686 83.757 45.042 19 13 1 4 1 2 4 8
687 76.831 -20.331 7 5 1 4 1 2 4 8
688 -89.009 -10.482 3 12 1 4 1 2 4 8
689 15.583 82.767 4 8 1 4 1 2 4 8
690 -32.415 -22.36 9 10 1 4 1 2 4 8
691 -41.918 -71.355 2 22 1 4 1 2 4 8
692 88.359 -78.058 15 12 1 4 1 2 4 8
693 98.774 92.102 16 20 1 4 1 2 4 8
694 -81.652 85.006 12 11 1 4 1 2 4 8
695 66.749 -59.954 11 19 1 4 1 2 4 8
696 -57.677 -78.311 16 7 1 4 1 2 4 8
697 -37.224 -30.546 14 22 1 4 1 2 4 8
698 -69.712 7.82 22 15 1 4 1 2 4 8
699 -10.363 53.529 11 10 1 4 1 2 4 8
700 51.096 -68.997 22 24 1 4 1 2 4 8
701 -56.197 -62.837 3 7 1 4 1 2 4 8
702 99.62 -99.241 20 11 1 4 1 2 4 8
703 -25.95 -19.661 11 25 1 4 1 2 4 8
704 -73.947 98.708 12 22 1 4 1 2 4 8
705 40.231 -65.616 18 14 1 4 1 2 4 8
706 -44.954 29.996 13 9 1 4 1 2 4 8
707 31.193 -80.677 15 19 1 4 1 2 4 8
708 22.883 41.487 7 24 1 4 1 2 4 8
709 -56.321 13.35 16 5 1 4 1 2 4 8
710 -76.894 -77.758 17 21 1 4 1 2 4 8
711 -69.056 98.904 23 18 1 4 1 2 4 8
712 36.805 54.918 18 11 1 4 1 2 4 8
713 54.907 -51.606 9 17 1 4 1 2 4 8
714 41.129 -64.28 8 23 1 4 1 2 4 8
715 35.752 52.843 4 21 1 4 1 2 4 8
716 -34.888 -38.713 13 10 1 4 1 2 4 8
717 -34.067 11.619 7 16 1 4 1 2 4 8
718 64.34 80.416 15 11 1 4 1 2 4 8
719 70.035 11.868 21 10 1 4 1 2 4 8
720 -10.431 -88.857 22 14 1 4 1 2 4 8
721 -83.205 -95.658 3 17 1 4 1 2 4 8
722 1.419 -75.658 25 22 1 4 1 2 4 8
723 -72.908 95.289 6 13 1 4 1 2 4 8
724 -86.126 65.496 23 6 1 4 1 2 4 8
725 66.2 52.163 15 24 1 4 1 2 4 8
726 -67.521 48.681 6 15 1 4 1 2 4 8
727 18.367 90.489 18 13 1 4 1 2 4 8
728 96.055 -57.092 12 8 1 4 1 2 4 8
729 -36.053 28.343 25 9 1 4 1 2 4 8
730 -90.489 -86.633 15 18 1 4 1 2 4 8
731 -23.699 -59.98 11 18 1 4 1 2 4 8
732 92.058 -90.782 7 11 1 4 1 2 4 8
733 -91.551 20.966 10 22 1 4 1 2 4 8
734 60.909 -25.391 24 25 1 4 1 2 4 8
735 -70.388 -49.273 22 14 1 4 1 2 4 8
736 65.814 -98.127 1 12 1 4 1 2 4 8
737 33.392 -59.163 5 20 1 4 1 2 4 8
738 26.95 61.491 2 5 1 4 1 2 4 8
739 -24.952 80.974 11 10 1 4 1 2 4 8
740 10.379 -37.289 7 16 1 4 1 2 4 8
741 28.005 -7.266 25 17 1 4 1 2 4 8
742 -30.034 27.5 17 17 1 4 1 2 4 8
743 64.822 59.485 20 22 1 4 1 2 4 8
744 -76.621 69.541 4 12 1 4 1 2 4 8
745 -7.765 40.612 4 8 1 4 1 2 4 8
746 59.286 6.642 25 23 1 4 1 2 4 8
747 56.723 74.358 18 22 1 4 1 2 4 8
748 -69.295 44.589 6 8 1 4 1 2 4 8
749 90.355 71.354 23 10 1 4 1 2 4 8
750 58.722 -34.9 17 10 1 4 1 2 4 8
751 70.612 -13.928 11 21 1 4 1 2 4 8
752 77.417 -94.012 21 12 1 4 1 2 4 8
753 61.647 65.661 23 12 1 4 1 2 4 8
754 -31.672 93.293 2 12 1 4 1 2 4 8
755 -20.957 29.283 18 1 1 4 1 2 4 8
756 -96.717 -0.938 18 5 1 4 1 2 4 8
757 91.575 74.58 11 16 1 4 1 2 4 8
758 -40.746 12.092 24 19 1 4 1 2 4 8
759 -92.39 -39.84 2 21 1 4 1 2 4 8
760 94.695 94.699 2 14 1 4 1 2 4 8
761 -91.887 -38.387 12 16 1 4 1 2 4 8
762 62.971 -72.067 20 7 1 4 1 2 4 8
763 -10.031 -57.499 1 16 1 4 1 2 4 8
764 4.095 -81.218 6 21 1 4 1 2 4 8
765 72.863 71.278 5 12 1 4 1 2 4 8
766 -51.174 -86.96 9 6 1 4 1 2 4 8
767 -6.212 -99.502 18 24 1 4 1 2 4 8
768 44.804 88.327 9 19 1 4 1 2 4 8
769 8.485 -62.932 9 21 1 4 1 2 4 8
770 -96.971 -52.768 22 5 1 4 1 2 4 8
771 93.751 -11.266 13 16 1 4 1 2 4 8
772 85.659 46.607 9 1 1 4 1 2 4 8
773 24.974 -19.604 4 9 1 4 1 2 4 8
774 -31.853 -46.993 24 25 1 4 1 2 4 8
775 23.84 17.898 8 9 1 4 1 2 4 8
776 -88.24 -97.924 23 4 1 4 1 2 4 8
777 92.024 -81.998 24 10 1 4 1 2 4 8
778 -17.588 76.68 11 18 1 4 1 2 4 8
779 -9.572 82.312 9 13 1 4 1 2 4 8
780 -53.4 -56.061 13 19 1 4 1 2 4 8
781 -90.889 17.019 17 12 1 4 1 2 4 8
782 -3.697 74.402 1 6 1 4 1 2 4 8
783 43.616 3.287 20 17 1 4 1 2 4 8
784 -54.052 98.646 21 2 1 4 1 2 4 8
785 -40.232 39.61 20 18 1 4 1 2 4 8
786 -43.269 -82.579 7 22 1 4 1 2 4 8
787 -54.778 -23.53 14 1 1 4 1 2 4 8
788 95.605 -37.353 13 17 1 4 1 2 4 8
789 -50.182 17.361 22 23 1 4 1 2 4 8
790 -98.752 72.571 20 23 1 4 1 2 4 8
791 22.43 -68.184 21 2 1 4 1 2 4 8
792 -75.546 -39.052 13 14 1 4 1 2 4 8
793 -97.987 46.23 2 17 1 4 1 2 4 8
794 -1.764 -95.685 25 23 1 4 1 2 4 8
795 -89.552 -71.865 22 2 1 4 1 2 4 8
796 -93.212 -82.2 13 12 1 4 1 2 4 8
797 55.058 31.095 11 21 1 4 1 2 4 8
798 -17.933 -13.748 16 7 1 4 1 2 4 8
799 24.202 -46.213 12 20 1 4 1 2 4 8
800 -64.115 29.437 25 14 1 4 1 2 4 8
801 -9.649 -98.129 13 24 1 4 1 2 4 8
802 -50.79 33.48 9 4 1 4 1 2 4 8
803 90.544 57.589 11 25 1 4 1 2 4 8
804 39.046 -88.226 20 19 1 4 1 2 4 8
805 5.712 91.502 13 24 1 4 1 2 4 8
806 -49.503 42.806 24 23 1 4 1 2 4 8
807 56.14 -50.613 9 19 1 4 1 2 4 8
808 36.844 38.739 11 19 1 4 1 2 4 8
809 -70.449 -30.975 11 12 1 4 1 2 4 8
810 -46.779 -16.769 3 3 1 4 1 2 4 8
811 -12.939 -84.1 13 24 1 4 1 2 4 8
812 -12.838 -90.465 19 15 1 4 1 2 4 8
813 54.605 -52.579 20 11 1 4 1 2 4 8
814 49.515 -66.499 10 2 1 4 1 2 4 8
815 -6.805 35.834 1 17 1 4 1 2 4 8
816 45.008 88.392 1 1 1 4 1 2 4 8
817 92.256 0.059 24 5 1 4 1 2 4 8
818 33.49 -84.133 13 13 1 4 1 2 4 8
819 -0.001 -79.499 20 2 1 4 1 2 4 8
820 21.211 76.543 19 9 1 4 1 2 4 8
821 -25.403 10.35 21 17 1 4 1 2 4 8
822 -68.887 69.04 23 11 1 4 1 2 4 8
823 -71.004 40.295 19 18 1 4 1 2 4 8
824 -41.008 -9.17 21 14 1 4 1 2 4 8
825 74.079 73.543 18 5 1 4 1 2 4 8
826 -79.158 -75.061 14 1 1 4 1 2 4 8
827 -17.004 -57.012 20 22 1 4 1 2 4 8
828 75.924 6.625 9 11 1 4 1 2 4 8
829 14.185 -89.336 8 1 1 4 1 2 4 8
830 -37.494 -46.767 14 5 1 4 1 2 4 8
831 -84.735 -51.628 16 8 1 4 1 2 4 8
832 -44.461 85.491 8 23 1 4 1 2 4 8
833 24.902 -42.077 1 13 1 4 1 2 4 8
834 25.656 -81.676 1 10 1 4 1 2 4 8
835 -69.317 -61.091 6 24 1 4 1 2 4 8
836 -73.423 -93.29 8 13 1 4 1 2 4 8
837 25.411 53.694 1 24 1 4 1 2 4 8
838 -95.092 5.94 18 4 1 4 1 2 4 8
839 49.478 -84.685 23 1 1 4 1 2 4 8
840 -28.42 8.416 9 19 1 4 1 2 4 8
841 2.958 4.357 0 0 0 0
842 21.494 -8.63 0 0 0 0
843 -43.073 -18.094 0 0 0 0
844 -10.406 -37.888 0 0 0 0
