2 26 960 4
400 175
400 175
400 175
400 175
1 70.769 -29.196 11 13 1 4 1 2 4 8
2 -79.231 74.084 11 2 1 4 1 2 4 8
3 97.576 -85.391 24 11 1 4 1 2 4 8
4 68.832 -19.019 17 22 1 4 1 2 4 8
5 -87.907 91.417 10 10 1 4 1 2 4 8
6 -27.185 1.319 5 24 1 4 1 2 4 8
7 49.321 40.594 9 13 1 4 1 2 4 8
8 93.058 62.799 23 10 1 4 1 2 4 8
9 66.827 -43.508 2 8 1 4 1 2 4 8
10 77.556 98.223 10 10 1 4 1 2 4 8
11 -60.744 86.188 4 12 1 4 1 2 4 8
12 79.995 -50.762 17 11 1 4 1 2 4 8
13 64.497 14.175 6 5 1 4 1 2 4 8
14 94.934 54.93 15 9 1 4 1 2 4 8
15 -52.087 66.721 20 10 1 4 1 2 4 8
16 15.07 8.961 5 20 1 4 1 2 4 8
17 35.846 -64.678 16 19 1 4 1 2 4 8
18 23.023 83.251 22 8 1 4 1 2 4 8
19 -11.115 10.705 15 9 1 4 1 2 4 8
20 64.93 39.527 9 16 1 4 1 2 4 8
21 -70.629 -90.927 8 7 1 4 1 2 4 8
22 -87.41 68.209 24 10 1 4 1 2 4 8
23 27.174 -34.118 21 10 1 4 1 2 4 8
24 -53.887 46.247 15 23 1 4 1 2 4 8
25 -95.191 -1.038 22 22 1 4 1 2 4 8
26 19.02 74.803 8 12 1 4 1 2 4 8
27 -26.046 -12.517 25 7 1 4 1 2 4 8
28 19.23 74.597 3 21 1 4 1 2 4 8
29 -95.339 60.508 25 18 1 4 1 2 4 8
30 48.564 -11.497 12 20 1 4 1 2 4 8
31 42.316 -4.864 12 25 1 4 1 2 4 8
32 43.546 61.968 19 3 1 4 1 2 4 8
33 29.527 -98.943 21 16 1 4 1 2 4 8
34 42.071 -69.016 5 12 1 4 1 2 4 8
35 -45.613 29.637 5 14 1 4 1 2 4 8
36 -9.572 -86.566 17 9 1 4 1 2 4 8
37 3.917 33.51 7 22 1 4 1 2 4 8
38 85.217 -79.948 22 19 1 4 1 2 4 8
39 57.628 80.163 15 19 1 4 1 2 4 8
40 96.538 57.972 4 5 1 4 1 2 4 8
41 91.649 -41.534 5 5 1 4 1 2 4 8
42 9.78 93.652 20 18 1 4 1 2 4 8
43 63.531 94.46 14 25 1 4 1 2 4 8
44 77.053 47.884 23 10 1 4 1 2 4 8
45 -36.597 -47.695 17 11 1 4 1 2 4 8
46 -72.402 23.878 24 25 1 4 1 2 4 8
47 -78.868 -50.176 2 8 1 4 1 2 4 8
48 4.082 -89.608 11 18 1 4 1 2 4 8
49 0.059 92.423 21 10 1 4 1 2 4 8
50 -76.866 47.64 24 10 1 4 1 2 4 8
51 83.604 -95.448 1 6 1 4 1 2 4 8
52 93.73 52.683 18 3 1 4 1 2 4 8
53 59.516 22.106 17 20 1 4 1 2 4 8
54 -77.177 -94.324 11 9 1 4 1 2 4 8
55 34.638 -85.192 16 6 1 4 1 2 4 8
56 -55.442 -62.205 13 4 1 4 1 2 4 8
57 -98.137 -73.146 23 6 1 4 1 2 4 8
58 -73.753 -18.809 9 22 1 4 1 2 4 8
59 -13.928 37.488 11 7 1 4 1 2 4 8
60 82.692 -16.542 11 16 1 4 1 2 4 8
61 19.734 73.01 7 15 1 4 1 2 4 8
62 -97.99 57.599 25 22 1 4 1 2 4 8
63 57.439 -82.957 8 2 1 4 1 2 4 8
64 -82.281 47.029 2 4 1 4 1 2 4 8
65 44.269 -40.427 13 2 1 4 1 2 4 8
66 95.576 -2.344 17 6 1 4 1 2 4 8
67 -8.428 -84.828 21 14 1 4 1 2 4 8
68 66.208 -86.82 11 16 1 4 1 2 4 8
69 66.656 -78.973 3 2 1 4 1 2 4 8
70 40.64 90.624 20 7 1 4 1 2 4 8
71 3.163 -41.893 12 15 1 4 1 2 4 8
72 62.926 93.578 22 9 1 4 1 2 4 8
73 -88.784 48.968 22 13 1 4 1 2 4 8
74 -35.348 69.916 18 5 1 4 1 2 4 8
75 48.137 21.153 17 3 1 4 1 2 4 8
76 -87.774 53.083 10 1 1 4 1 2 4 8
77 -33.654 28.555 10 12 1 4 1 2 4 8
78 -81.397 -82.066 5 21 1 4 1 2 4 8
79 92.41 -10.076 22 3 1 4 1 2 4 8
80 70.726 -85.392 18 17 1 4 1 2 4 8
81 35.108 40.007 20 1 1 4 1 2 4 8
82 -54.311 90.973 14 11 1 4 1 2 4 8
83 35.154 33.779 7 7 1 4 1 2 4 8
84 -33.562 -83.864 21 13 1 4 1 2 4 8
85 42.256 -55.045 7 7 1 4 1 2 4 8
86 -94.215 -36.933 4 20 1 4 1 2 4 8
87 89.73 42.601 1 5 1 4 1 2 4 8
88 -57.644 65.021 10 8 1 4 1 2 4 8
89 -78.914 80.272 24 23 1 4 1 2 4 8
90 23.701 24.168 11 21 1 4 1 2 4 8
91 79.622 96.988 17 8 1 4 1 2 4 8
92 -63.145 -5.725 11 18 1 4 1 2 4 8
93 93.216 8.942 8 1 1 4 1 2 4 8
94 -13.405 93.229 8 17 1 4 1 2 4 8
95 -50.427 -72.999 8 11 1 4 1 2 4 8
96 -84.72 -67.492 7 23 1 4 1 2 4 8
97 44.419 41.31 16 2 1 4 1 2 4 8
98 -62.745 65.696 3 24 1 4 1 2 4 8
99 56.967 40.619 3 9 1 4 1 2 4 8
100 60.497 -71.289 19 22 1 4 1 2 4 8
101 59.729 -28.772 6 18 1 4 1 2 4 8
102 27.977 10.761 18 17 1 4 1 2 4 8
103 -11.22 55.675 3 10 1 4 1 2 4 8
104 15.038 -71.58 7 7 1 4 1 2 4 8
105 2.362 -68.305 23 20 1 4 1 2 4 8
106 58.311 48.743 24 11 1 4 1 2 4 8
107 -68.317 85.241 21 7 1 4 1 2 4 8
108 61.408 -70.084 6 13 1 4 1 2 4 8
109 26.996 69.617 12 6 1 4 1 2 4 8
110 62.101 -59.575 8 24 1 4 1 2 4 8
111 65.2 -79.032 10 3 1 4 1 2 4 8
112 28.54 -57.815 9 2 1 4 1 2 4 8
113 -70.423 -80.983 1 13 1 4 1 2 4 8
114 88.97 -62.216 13 22 1 4 1 2 4 8
115 90.236 65.352 13 23 1 4 1 2 4 8
116 50.477 43.724 6 4 1 4 1 2 4 8
117 63.462 15.785 3 13 1 4 1 2 4 8
118 -96.279 -76.955 15 8 1 4 1 2 4 8
119 -6.412 -8.384 9 11 1 4 1 2 4 8
120 -88.11 36.757 11 21 1 4 1 2 4 8
121 57.635 74.254 20 9 1 4 1 2 4 8
122 75.649 -22.328 7 18 1 4 1 2 4 8
123 22.128 -58.142 5 7 1 4 1 2 4 8
124 -80.607 -68.704 9 20 1 4 1 2 4 8
125 77.577 55.188 1 21 1 4 1 2 4 8
126 44.177 29.352 21 17 1 4 1 2 4 8
127 31.48 34.232 20 15 1 4 1 2 4 8
128 -53.086 30.88 15 7 1 4 1 2 4 8
129 -29.757 -67.398 3 8 1 4 1 2 4 8
130 55.592 -74.02 12 24 1 4 1 2 4 8
131 -25.893 35.631 17 13 1 4 1 2 4 8
132 20.784 20.082 5 8 1 4 1 2 4 8
133 46.345 -91.145 2 25 1 4 1 2 4 8
134 -66.123 -46.35 15 18 1 4 1 2 4 8
135 75.201 -35.894 22 11 1 4 1 2 4 8
136 36.561 60.148 12 12 1 4 1 2 4 8
137 61.374 97.776 3 2 1 4 1 2 4 8
138 81.275 81.851 15 24 1 4 1 2 4 8
139 -49.189 -60.161 3 11 1 4 1 2 4 8
140 44.034 -53.23 13 24 1 4 1 2 4 8
141 37.828 -68.314 16 25 1 4 1 2 4 8
142 -53.671 -23.869 2 11 1 4 1 2 4 8
143 -57.209 44.528 1 20 1 4 1 2 4 8
144 39.521 -95.385 5 3 1 4 1 2 4 8
145 -91.131 -65.33 20 1 1 4 1 2 4 8
146 8.347 65.426 7 12 1 4 1 2 4 8
147 75.979 89.084 17 24 1 4 1 2 4 8
148 99.637 -49.794 25 20 1 4 1 2 4 8
149 -23.496 95.279 25 7 1 4 1 2 4 8
150 -79.277 -22.748 14 11 1 4 1 2 4 8
151 15.242 95.652 13 12 1 4 1 2 4 8
152 -84.997 -0.574 25 11 1 4 1 2 4 8
153 91.039 69.953 23 13 1 4 1 2 4 8
154 -60.235 81.351 16 22 1 4 1 2 4 8
155 17.006 56.009 23 4 1 4 1 2 4 8
156 -66.73 -41.659 2 22 1 4 1 2 4 8
157 -4.533 9.104 12 13 1 4 1 2 4 8
158 -6.237 85.991 3 19 1 4 1 2 4 8
159 -75.497 97.859 15 16 1 4 1 2 4 8
160 7.882 40.441 5 13 1 4 1 2 4 8
161 -52.731 99.84 12 8 1 4 1 2 4 8
162 89.001 21.294 4 13 1 4 1 2 4 8
163 -29.736 -36.741 18 25 1 4 1 2 4 8
164 19.658 -61.825 16 3 1 4 1 2 4 8
165 83.76 -44.755 9 18 1 4 1 2 4 8
166 -81.878 -88.726 3 11 1 4 1 2 4 8
167 15.145 38.068 24 24 1 4 1 2 4 8
168 71.735 46.04 14 17 1 4 1 2 4 8
169 58.221 92.206 13 15 1 4 1 2 4 8
170 -34.867 -90.024 2 8 1 4 1 2 4 8
171 4.769 90.88 17 8 1 4 1 2 4 8
172 -79.62 43.504 1 4 1 4 1 2 4 8
173 79.308 -61.354 18 11 1 4 1 2 4 8
174 -97.764 4.529 13 20 1 4 1 2 4 8
175 -71.019 18.95 25 6 1 4 1 2 4 8
176 -63.107 50.759 19 12 1 4 1 2 4 8
177 70.727 97.116 16 18 1 4 1 2 4 8
178 98.13 -21.122 16 2 1 4 1 2 4 8
179 90.441 89.427 11 4 1 4 1 2 4 8
180 -89.295 -86.07 24 22 1 4 1 2 4 8
181 54.095 31.333 9 10 1 4 1 2 4 8
182 -47.018 -99.842 14 20 1 4 1 2 4 8
183 77.426 -32.749 6 22 1 4 1 2 4 8
184 -50.837 44.492 5 6 1 4 1 2 4 8
185 -24.373 -41.795 18 24 1 4 1 2 4 8
186 -79.746 52.476 9 14 1 4 1 2 4 8
187 21.31 -51.234 17 22 1 4 1 2 4 8
188 57.616 68.896 6 2 1 4 1 2 4 8
189 -34.608 -70.334 1 3 1 4 1 2 4 8
190 -42.363 92.175 1 12 1 4 1 2 4 8
191 43.436 -18.255 17 7 1 4 1 2 4 8
192 -68.816 28.156 14 24 1 4 1 2 4 8
193 79.252 99.155 21 4 1 4 1 2 4 8
194 73.23 2.06 24 12 1 4 1 2 4 8
195 -8.354 41.97 14 8 1 4 1 2 4 8
196 56.291 -85.561 15 14 1 4 1 2 4 8
197 65.575 15.525 25 20 1 4 1 2 4 8
198 89.525 0.676 7 2 1 4 1 2 4 8
199 -86.819 -15.437 5 13 1 4 1 2 4 8
200 -75.8 30.985 2 19 1 4 1 2 4 8
201 28.025 64.54 21 4 1 4 1 2 4 8
202 -88.73 20.473 21 23 1 4 1 2 4 8
203 68.548 47.348 22 9 1 4 1 2 4 8
204 -67.247 -58.783 11 12 1 4 1 2 4 8
205 84.605 -23.11 11 23 1 4 1 2 4 8
206 -14.231 82.473 3 10 1 4 1 2 4 8
207 -40.406 -74.69 23 25 1 4 1 2 4 8
208 -24.282 78.877 4 17 1 4 1 2 4 8
209 -28.25 -84.13 3 25 1 4 1 2 4 8
210 64.565 -26.288 20 25 1 4 1 2 4 8
211 85.108 -52.882 9 22 1 4 1 2 4 8
212 -79.472 45.79 21 7 1 4 1 2 4 8
213 -5.336 88.046 7 2 1 4 1 2 4 8
214 -78.764 49.502 21 15 1 4 1 2 4 8
215 -63.111 73.002 24 24 1 4 1 2 4 8
216 -3.891 -99.948 3 15 1 4 1 2 4 8
217 7.549 -5.308 14 14 1 4 1 2 4 8
218 19.123 -27.018 14 1 1 4 1 2 4 8
219 44.737 -16.687 19 8 1 4 1 2 4 8
220 72.585 -74.851 15 6 1 4 1 2 4 8
221 -16.839 37.726 10 12 1 4 1 2 4 8
222 94.261 92.015 11 7 1 4 1 2 4 8
223 56.192 -84.283 19 16 1 4 1 2 4 8
224 68.635 26.727 6 9 1 4 1 2 4 8
225 -99.17 28.876 18 8 1 4 1 2 4 8
226 -45.074 50.54 23 23 1 4 1 2 4 8
227 3.857 92.612 7 6 1 4 1 2 4 8
228 20.222 -69.211 9 22 1 4 1 2 4 8
229 -40.476 -77.39 15 7 1 4 1 2 4 8
230 -57.198 -72.777 18 5 1 4 1 2 4 8
231 56.312 65.402 18 11 1 4 1 2 4 8
232 69.7 80.937 8 25 1 4 1 2 4 8
233 90.906 -9.33 24 3 1 4 1 2 4 8
234 -97.436 65.063 18 20 1 4 1 2 4 8
235 42.06 31.785 24 13 1 4 1 2 4 8
236 -73.499 21.246 3 2 1 4 1 2 4 8
237 -85.046 -27.866 9 1 1 4 1 2 4 8
238 49.337 -89.743 4 24 1 4 1 2 4 8
239 35.597 -19.54 22 6 1 4 1 2 4 8
240 -61.688 37.016 24 8 1 4 1 2 4 8
241 42.689 -45.019 22 16 1 4 1 2 4 8
242 92.79 -94.538 11 19 1 4 1 2 4 8
243 24.999 -60.03 11 9 1 4 1 2 4 8
244 -59.224 -77.116 20 25 1 4 1 2 4 8
245 90.548 30.961 21 10 1 4 1 2 4 8
246 -12.275 88.35 6 13 1 4 1 2 4 8
247 55.234 16.229 13 18 1 4 1 2 4 8
248 27.81 98.151 19 2 1 4 1 2 4 8
249 -3.149 -65.864 2 12 1 4 1 2 4 8
250 98.907 -38.92 9 8 1 4 1 2 4 8
251 32.179 79.962 10 15 1 4 1 2 4 8
252 28.28 68.653 19 6 1 4 1 2 4 8
253 18.019 -32.892 23 16 1 4 1 2 4 8
254 -6.911 -77.002 17 3 1 4 1 2 4 8
255 -11.851 64.795 17 14 1 4 1 2 4 8
256 51.136 -85.981 4 15 1 4 1 2 4 8
257 36.686 -22.851 15 12 1 4 1 2 4 8
258 -67.853 -98.845 12 6 1 4 1 2 4 8
259 -80.102 -3.15 25 11 1 4 1 2 4 8
260 87.073 -2.082 6 18 1 4 1 2 4 8
261 -57.074 2.351 13 13 1 4 1 2 4 8
262 75.097 74.816 18 24 1 4 1 2 4 8
263 73.501 3.689 21 23 1 4 1 2 4 8
264 68.862 74.515 24 16 1 4 1 2 4 8
265 -27.734 -38.551 15 2 1 4 1 2 4 8
266 81.097 89.536 23 6 1 4 1 2 4 8
267 78.878 -45.516 21 8 1 4 1 2 4 8
268 23.462 -92.327 20 21 1 4 1 2 4 8
269 -83.392 16.664 18 14 1 4 1 2 4 8
270 -67.957 94.658 22 5 1 4 1 2 4 8
271 7.112 -49.165 23 15 1 4 1 2 4 8
272 -83.452 73.871 8 19 1 4 1 2 4 8
273 94.96 -64.55 14 9 1 4 1 2 4 8
274 84.39 28.653 21 4 1 4 1 2 4 8
275 71.381 -95.378 18 13 1 4 1 2 4 8
276 -32.943 -64.505 19 20 1 4 1 2 4 8
277 -42.012 37.956 15 24 1 4 1 2 4 8
278 -27.482 -72.12 12 23 1 4 1 2 4 8
279 13.155 -61.826 12 8 1 4 1 2 4 8
280 88.124 54.19 17 8 1 4 1 2 4 8
281 -68.968 -71.299 2 17 1 4 1 2 4 8
282 -97.041 9.426 19 4 1 4 1 2 4 8
283 -81.893 -61.942 20 20 1 4 1 2 4 8
284 86.794 -37.83 17 2 1 4 1 2 4 8
285 18.363 29.664 7 4 1 4 1 2 4 8
286 -50.519 95.311 18 5 1 4 1 2 4 8
287 51.922 13.562 15 13 1 4 1 2 4 8
288 -63.163 -54.967 25 17 1 4 1 2 4 8
289 -97.65 23.888 1 10 1 4 1 2 4 8
290 -6.737 28.808 25 4 1 4 1 2 4 8
291 10.109 -92.166 20 20 1 4 1 2 4 8
292 -45.46 -3.36 12 2 1 4 1 2 4 8
293 81.001 47.966 20 6 1 4 1 2 4 8
294 -44.665 -58.114 18 16 1 4 1 2 4 8
295 55.571 -22.96 16 10 1 4 1 2 4 8
296 84.259 -75.528 10 22 1 4 1 2 4 8
297 84.793 68.606 4 15 1 4 1 2 4 8
298 34.711 -40.102 13 22 1 4 1 2 4 8
299 -89.04 -7.186 17 1 1 4 1 2 4 8
300 -61.039 40.829 20 20 1 4 1 2 4 8
301 -24.26 -11.067 15 19 1 4 1 2 4 8
302 64.501 -53.568 14 13 1 4 1 2 4 8
303 -0.296 83.299 16 17 1 4 1 2 4 8
304 -57.614 -52.736 19 20 1 4 1 2 4 8
305 49.224 34.873 17 8 1 4 1 2 4 8
306 -9.184 -93.817 19 22 1 4 1 2 4 8
307 32.108 -19.172 20 4 1 4 1 2 4 8
308 -88.309 -56.421 19 22 1 4 1 2 4 8
309 -80.604 -91.908 6 24 1 4 1 2 4 8
310 95.905 66.735 3 11 1 4 1 2 4 8
311 80.853 70.21 8 15 1 4 1 2 4 8
312 -15.086 86.436 12 5 1 4 1 2 4 8
313 -36.493 58.852 5 14 1 4 1 2 4 8
314 42.46 -68.931 19 24 1 4 1 2 4 8
315 -50.904 87.312 6 17 1 4 1 2 4 8
316 -71.612 -23.398 11 21 1 4 1 2 4 8
317 92.321 35.984 2 22 1 4 1 2 4 8
318 48.304 35.815 25 7 1 4 1 2 4 8
319 11.621 -71.534 20 24 1 4 1 2 4 8
320 -14.256 64.879 11 18 1 4 1 2 4 8
321 -23.533 40.119 12 24 1 4 1 2 4 8
322 -0.337 53.996 3 7 1 4 1 2 4 8
323 -53.791 73.958 10 8 1 4 1 2 4 8
324 -36.616 -99.178 11 5 1 4 1 2 4 8
325 33.47 -93.486 7 21 1 4 1 2 4 8
326 -98.427 -35.969 3 6 1 4 1 2 4 8
327 94.118 -46.456 8 3 1 4 1 2 4 8
328 15.39 26.725 10 19 1 4 1 2 4 8
329 12.05 27.397 11 3 1 4 1 2 4 8
330 -77.921 -31.492 5 1 1 4 1 2 4 8
331 62.305 72.457 23 19 1 4 1 2 4 8
332 87.468 8.826 14 1 1 4 1 2 4 8
333 -94.983 70.145 19 24 1 4 1 2 4 8
334 43.498 41.279 24 1 1 4 1 2 4 8
335 -70.285 31.852 13 6 1 4 1 2 4 8
336 80.375 27.776 11 13 1 4 1 2 4 8
337 8.985 93.313 3 25 1 4 1 2 4 8
338 92.54 -52.894 22 19 1 4 1 2 4 8
339 72.002 16.913 12 21 1 4 1 2 4 8
340 97.377 -23.339 6 20 1 4 1 2 4 8
341 36.717 47.516 4 4 1 4 1 2 4 8
342 7.149 -71.451 14 15 1 4 1 2 4 8
343 -43.206 42.939 25 13 1 4 1 2 4 8
344 -83.605 90.892 1 3 1 4 1 2 4 8
345 1.67 94.475 2 4 1 4 1 2 4 8
346 40.715 -1.898 17 21 1 4 1 2 4 8
347 -18.009 96.118 22 22 1 4 1 2 4 8
348 68.544 32.884 2 18 1 4 1 2 4 8
349 65.797 95.628 10 15 1 4 1 2 4 8
350 22.312 73.149 15 19 1 4 1 2 4 8
351 52.49 17.437 1 12 1 4 1 2 4 8
352 73.874 77.598 7 2 1 4 1 2 4 8
353 -92.253 -90.888 24 5 1 4 1 2 4 8
354 41.127 -58.161 14 21 1 4 1 2 4 8
355 96.775 -23.832 21 7 1 4 1 2 4 8
356 -74.067 -94.372 3 10 1 4 1 2 4 8
357 -0.832 -87.738 25 4 1 4 1 2 4 8
358 38.495 1.565 1 1 1 4 1 2 4 8
359 61.817 -2.644 21 14 1 4 1 2 4 8
360 -73.967 -4.3 6 17 1 4 1 2 4 8
361 -60.871 81.892 11 2 1 4 1 2 4 8
362 60.472 -30.597 7 23 1 4 1 2 4 8
363 85.386 -28.128 9 20 1 4 1 2 4 8
364 62.164 34.636 4 14 1 4 1 2 4 8
365 83.207 -9.123 2 9 1 4 1 2 4 8
366 82.309 29.769 8 16 1 4 1 2 4 8
367 42.677 90.018 24 16 1 4 1 2 4 8
368 63.058 -83.133 8 22 1 4 1 2 4 8
369 57.468 44.776 6 1 1 4 1 2 4 8
370 -7.174 15.914 21 14 1 4 1 2 4 8
371 64.042 93.588 23 12 1 4 1 2 4 8
372 80.888 -79.97 1 24 1 4 1 2 4 8
373 -48.211 61.308 2 7 1 4 1 2 4 8
374 46 49.296 16 6 1 4 1 2 4 8
375 -20.976 -33.139 5 13 1 4 1 2 4 8
376 -6.022 78.92 17 11 1 4 1 2 4 8
377 68.822 91.597 4 3 1 4 1 2 4 8
378 42.975 -20.081 20 10 1 4 1 2 4 8
379 71.159 -32.69 5 14 1 4 1 2 4 8
380 16.073 -74.893 7 8 1 4 1 2 4 8
381 16.044 68.169 20 10 1 4 1 2 4 8
382 -84.073 28.892 16 9 1 4 1 2 4 8
383 -90.873 73.607 16 10 1 4 1 2 4 8
384 -77.124 63.195 15 22 1 4 1 2 4 8
385 20.298 46.353 23 6 1 4 1 2 4 8
386 28.419 43.747 13 17 1 4 1 2 4 8
387 -33.562 -30.091 23 5 1 4 1 2 4 8
388 -16.029 -76.392 10 6 1 4 1 2 4 8
389 -64.067 26.829 4 18 1 4 1 2 4 8
390 -22.846 -69.793 12 11 1 4 1 2 4 8
391 12.682 -95.128 3 13 1 4 1 2 4 8
392 87.071 33.365 4 21 1 4 1 2 4 8
393 -77.532 -96.939 19 1 1 4 1 2 4 8
394 -39.146 45.573 7 10 1 4 1 2 4 8
395 -35.479 10.24 14 2 1 4 1 2 4 8
396 -65.554 -65.485 22 3 1 4 1 2 4 8
397 -83.83 86.488 20 20 1 4 1 2 4 8
398 -68.427 46.705 18 6 1 4 1 2 4 8
399 58.965 42.187 6 3 1 4 1 2 4 8
400 -60.307 -4.92 18 25 1 4 1 2 4 8
401 -28.404 90.417 4 4 1 4 1 2 4 8
402 -36.312 81.37 15 3 1 4 1 2 4 8
403 5.959 -95.856 5 4 1 4 1 2 4 8
404 47.945 -24.239 17 12 1 4 1 2 4 8
405 59.546 69.268 18 3 1 4 1 2 4 8
406 -60.668 81.323 6 23 1 4 1 2 4 8
407 96.854 -91.124 3 9 1 4 1 2 4 8
408 -40.165 -59.739 18 13 1 4 1 2 4 8
409 92.492 48.342 3 12 1 4 1 2 4 8
410 -99.176 -50.842 25 5 1 4 1 2 4 8
411 -57.212 86.088 6 3 1 4 1 2 4 8
412 -2.321 53.219 1 6 1 4 1 2 4 8
413 -18.476 26.456 19 25 1 4 1 2 4 8
414 86.736 -91.984 12 2 1 4 1 2 4 8
415 -62.626 -85.132 4 18 1 4 1 2 4 8
416 -22.398 5.252 1 2 1 4 1 2 4 8
417 -98.833 -67.259 12 18 1 4 1 2 4 8
418 -4.144 -94.902 25 10 1 4 1 2 4 8
419 1.006 -44.857 1 16 1 4 1 2 4 8
420 71.322 -85.45 10 1 1 4 1 2 4 8
421 -26.819 56.631 19 23 1 4 1 2 4 8
422 80.4 -74.653 19 13 1 4 1 2 4 8
423 -53.784 -19.964 24 10 1 4 1 2 4 8
424 30.723 -62.044 7 8 1 4 1 2 4 8
425 -56.908 -51.124 12 16 1 4 1 2 4 8
426 64.213 -10.371 8 16 1 4 1 2 4 8
427 -0.891 -33.581 9 1 1 4 1 2 4 8
428 67.054 76.331 14 15 1 4 1 2 4 8
429 44.651 -94.292 17 20 1 4 1 2 4 8
430 -15.677 -12.886 12 4 1 4 1 2 4 8
431 85.256 45.798 13 18 1 4 1 2 4 8
432 16.507 -18.696 7 9 1 4 1 2 4 8
433 -91.634 -14.836 13 6 1 4 1 2 4 8
434 -67.361 -2.449 23 21 1 4 1 2 4 8
435 93.633 -90.12 11 19 1 4 1 2 4 8
436 69.659 -41.857 22 15 1 4 1 2 4 8
437 -19.218 75.851 15 1 1 4 1 2 4 8
438 -27.041 17.219 24 21 1 4 1 2 4 8
439 -35.358 45.51 2 10 1 4 1 2 4 8
440 -90.176 -14.341 10 25 1 4 1 2 4 8
441 -74.069 86.853 5 10 1 4 1 2 4 8
442 96.223 -15.119 24 9 1 4 1 2 4 8
443 -45.816 -55.769 12 7 1 4 1 2 4 8
444 -35.536 -29.582 16 11 1 4 1 2 4 8
445 -14.635 80.153 2 8 1 4 1 2 4 8
446 -77.263 78.472 19 13 1 4 1 2 4 8
447 -28.877 3.705 1 10 1 4 1 2 4 8
448 55.512 84.718 15 1 1 4 1 2 4 8
449 65.973 -36.891 20 15 1 4 1 2 4 8
450 52.071 -25.238 10 20 1 4 1 2 4 8
451 -85.187 -75.767 17 21 1 4 1 2 4 8
452 -90.918 -90.735 6 13 1 4 1 2 4 8
453 93.824 -16.043 5 10 1 4 1 2 4 8
454 33.038 61.774 11 15 1 4 1 2 4 8
455 -75.614 84.94 25 21 1 4 1 2 4 8
456 -45.421 -78.252 25 14 1 4 1 2 4 8
457 49.961 -38.581 23 22 1 4 1 2 4 8
458 57.311 -44.891 1 2 1 4 1 2 4 8
459 97.436 10.077 2 23 1 4 1 2 4 8
460 41.046 41.948 3 11 1 4 1 2 4 8
461 -77.767 -54.771 17 11 1 4 1 2 4 8
462 -2.462 58.478 2 13 1 4 1 2 4 8
463 26.917 -63.358 5 25 1 4 1 2 4 8
464 -83.593 -42.26 16 11 1 4 1 2 4 8
465 69.486 66.834 8 3 1 4 1 2 4 8
466 -57.189 -95.577 10 20 1 4 1 2 4 8
467 -88.043 48.024 14 1 1 4 1 2 4 8
468 -18.915 -81.715 12 4 1 4 1 2 4 8
469 45.583 -87.733 16 4 1 4 1 2 4 8
470 85.66 -27.88 25 2 1 4 1 2 4 8
471 -41.68 -79.082 11 4 1 4 1 2 4 8
472 21.198 -18.956 13 6 1 4 1 2 4 8
473 1.735 53.347 13 7 1 4 1 2 4 8
474 23.321 78.706 19 20 1 4 1 2 4 8
475 77.76 -93.858 25 25 1 4 1 2 4 8
476 21.941 -81.506 5 1 1 4 1 2 4 8
477 34.05 77.64 20 21 1 4 1 2 4 8
478 -93.241 73.426 19 6 1 4 1 2 4 8
479 -84.527 -85.113 19 3 1 4 1 2 4 8
480 -50.976 -81.99 10 21 1 4 1 2 4 8
481 88.528 6.919 25 16 1 4 1 2 4 8
482 -57.178 43.544 15 1 1 4 1 2 4 8
483 -74.923 58.584 14 13 1 4 1 2 4 8
484 -89.793 -92.593 8 14 1 4 1 2 4 8
485 -41.034 -36.772 10 6 1 4 1 2 4 8
486 -65.355 -11.517 19 19 1 4 1 2 4 8
487 82.661 46.228 21 22 1 4 1 2 4 8
488 23.438 -37.396 16 18 1 4 1 2 4 8
489 53.306 -64.271 3 7 1 4 1 2 4 8
490 89.277 22.37 25 1 1 4 1 2 4 8
491 15.57 96.585 11 15 1 4 1 2 4 8
492 1.772 48.199 21 25 1 4 1 2 4 8
493 71.348 98.848 6 2 1 4 1 2 4 8
494 13.373 22.73 12 22 1 4 1 2 4 8
495 -6.141 -51.58 14 1 1 4 1 2 4 8
496 -34.736 20.601 10 8 1 4 1 2 4 8
497 95.286 -56.926 5 25 1 4 1 2 4 8
498 -87.406 -38.125 14 8 1 4 1 2 4 8
499 -59.317 -85.907 20 10 1 4 1 2 4 8
500 -14.565 76.532 9 8 1 4 1 2 4 8
501 89.762 -27.029 23 20 1 4 1 2 4 8
502 -18.774 -22.189 23 12 1 4 1 2 4 8
503 -13.634 28.243 2 6 1 4 1 2 4 8
504 78.034 55.721 24 9 1 4 1 2 4 8
505 -36.83 -45.097 13 24 1 4 1 2 4 8
506 80.829 75.217 20 6 1 4 1 2 4 8
507 30.575 -55.624 10 24 1 4 1 2 4 8
508 -67.724 -83.497 9 14 1 4 1 2 4 8
509 75.639 -17.98 11 21 1 4 1 2 4 8
510 46.813 69.921 23 15 1 4 1 2 4 8
511 38.953 17.277 7 23 1 4 1 2 4 8
512 41.26 96.641 18 22 1 4 1 2 4 8
513 -66.746 -6.867 10 12 1 4 1 2 4 8
514 -20.3 95.695 12 11 1 4 1 2 4 8
515 -37.521 -37.852 24 21 1 4 1 2 4 8
516 94.501 5.934 4 10 1 4 1 2 4 8
517 50.498 83.401 4 2 1 4 1 2 4 8
518 -50.109 37.137 18 23 1 4 1 2 4 8
519 17.325 -58.111 11 22 1 4 1 2 4 8
520 52.618 65.765 17 22 1 4 1 2 4 8
521 -84.233 29.986 22 25 1 4 1 2 4 8
522 86.995 62.218 7 21 1 4 1 2 4 8
523 -62.845 27.576 20 12 1 4 1 2 4 8
524 14.001 -30.132 13 22 1 4 1 2 4 8
525 -88.668 26.272 24 10 1 4 1 2 4 8
526 -53.739 -82.768 21 2 1 4 1 2 4 8
527 37.068 -72.823 25 4 1 4 1 2 4 8
528 29.918 93.692 13 14 1 4 1 2 4 8
529 -38.49 -59.083 17 19 1 4 1 2 4 8
530 88.32 -28.194 19 19 1 4 1 2 4 8
531 92.611 -63.98 12 12 1 4 1 2 4 8
532 -93.98 76.63 5 10 1 4 1 2 4 8
533 -62.602 -13.492 8 21 1 4 1 2 4 8
534 14.681 56.532 5 10 1 4 1 2 4 8
535 -87.354 -96.753 11 3 1 4 1 2 4 8
536 61.723 81.262 18 10 1 4 1 2 4 8
537 61.604 -51.428 19 14 1 4 1 2 4 8
538 -27.371 67.85 6 9 1 4 1 2 4 8
539 97.491 -86.65 6 23 1 4 1 2 4 8
540 42.246 30.559 17 10 1 4 1 2 4 8
541 -23.877 8.191 24 11 1 4 1 2 4 8
542 8.956 -62.389 15 9 1 4 1 2 4 8
543 -57.036 -88.013 15 18 1 4 1 2 4 8
544 -79.894 49.307 20 19 1 4 1 2 4 8
545 -99.301 34.122 19 2 1 4 1 2 4 8
546 88.556 -38.902 25 20 1 4 1 2 4 8
547 -53.801 8.162 23 16 1 4 1 2 4 8
548 -87.782 17.79 18 16 1 4 1 2 4 8
549 -66.86 51.051 11 13 1 4 1 2 4 8
550 -4.987 -65.167 15 17 1 4 1 2 4 8
551 -26.83 57.736 17 9 1 4 1 2 4 8
552 66.033 70.991 20 13 1 4 1 2 4 8
553 42.065 59.082 5 21 1 4 1 2 4 8
554 24.04 -43.993 3 16 1 4 1 2 4 8
555 -3.189 -2.629 8 3 1 4 1 2 4 8
556 94.936 48.441 16 8 1 4 1 2 4 8
557 -70.829 48.767 18 20 1 4 1 2 4 8
558 -72.518 62.961 9 11 1 4 1 2 4 8
559 -79.644 -30.005 5 4 1 4 1 2 4 8
560 -31.383 -49.451 22 8 1 4 1 2 4 8
561 2.287 56.965 25 7 1 4 1 2 4 8
562 -10.244 97.08 6 20 1 4 1 2 4 8
563 -98.331 -73.901 7 3 1 4 1 2 4 8
564 93.529 -10.168 14 7 1 4 1 2 4 8
565 -90.344 -73.259 7 17 1 4 1 2 4 8
566 -71.978 29.908 5 10 1 4 1 2 4 8
567 -53.931 98.754 22 22 1 4 1 2 4 8
568 39.063 10.348 23 5 1 4 1 2 4 8
569 -62.518 -85.055 10 13 1 4 1 2 4 8
570 81.719 69.002 12 13 1 4 1 2 4 8
571 7.12 89.661 13 16 1 4 1 2 4 8
572 -3.421 46.259 4 2 1 4 1 2 4 8
573 -93.486 36.343 15 16 1 4 1 2 4 8
574 36.739 -61.649 13 15 1 4 1 2 4 8
575 -62.696 13.799 12 8 1 4 1 2 4 8
576 -34.196 -97.065 18 25 1 4 1 2 4 8
577 1.266 80.676 22 1 1 4 1 2 4 8
578 -11.88 -97.818 5 3 1 4 1 2 4 8
579 91.598 -95.487 16 17 1 4 1 2 4 8
580 60.045 72.278 6 7 1 4 1 2 4 8
581 97.106 -18.126 20 3 1 4 1 2 4 8
582 77.24 0.462 8 13 1 4 1 2 4 8
583 -14.104 60.393 17 2 1 4 1 2 4 8
584 49.839 -4.653 14 14 1 4 1 2 4 8
585 43.943 -52.289 24 17 1 4 1 2 4 8
586 -39.55 27.204 11 1 1 4 1 2 4 8
587 -82.302 -36.42 15 21 1 4 1 2 4 8
588 39.948 86.543 1 19 1 4 1 2 4 8
589 79.764 48.995 22 16 1 4 1 2 4 8
590 -1.636 48.366 2 8 1 4 1 2 4 8
591 68.35 61.481 22 2 1 4 1 2 4 8
592 94.645 -46.407 22 1 1 4 1 2 4 8
593 -71.423 59.998 18 14 1 4 1 2 4 8
594 43.444 2.69 12 22 1 4 1 2 4 8
595 -93.703 -8.622 23 21 1 4 1 2 4 8
596 -82.171 8.661 8 9 1 4 1 2 4 8
597 91.37 -74.881 19 8 1 4 1 2 4 8
598 39.925 77.309 23 3 1 4 1 2 4 8
599 -28.188 78.632 13 5 1 4 1 2 4 8
600 21.85 -82.818 4 23 1 4 1 2 4 8
601 -64.28 78.147 20 1 1 4 1 2 4 8
602 -23.185 10.224 16 22 1 4 1 2 4 8
603 77.027 63.671 18 12 1 4 1 2 4 8
604 -91.702 -70.145 24 17 1 4 1 2 4 8
605 -13.896 74.756 11 1 1 4 1 2 4 8
606 -90.327 -70.9 2 20 1 4 1 2 4 8
607 -78.138 54.197 2 2 1 4 1 2 4 8
608 96.311 -60.239 17 17 1 4 1 2 4 8
609 -79.35 44.176 4 12 1 4 1 2 4 8
610 76.7 -46.883 10 5 1 4 1 2 4 8
611 48.649 -47.658 25 1 1 4 1 2 4 8
612 -22.578 45.374 17 1 1 4 1 2 4 8
613 -42.283 -63.373 20 13 1 4 1 2 4 8
614 -9.863 -82.867 24 6 1 4 1 2 4 8
615 61.138 38.756 7 3 1 4 1 2 4 8
616 55.011 -68.075 10 21 1 4 1 2 4 8
617 7.204 -65.524 7 6 1 4 1 2 4 8
618 26.251 67.669 17 11 1 4 1 2 4 8
619 82.376 9.604 20 2 1 4 1 2 4 8
620 24.097 70.494 23 3 1 4 1 2 4 8
621 -84.662 38.698 15 16 1 4 1 2 4 8
622 69.828 -94.464 13 25 1 4 1 2 4 8
623 26.902 71.378 7 21 1 4 1 2 4 8
624 92.137 92.418 12 8 1 4 1 2 4 8
625 52.898 -56.02 1 15 1 4 1 2 4 8
626 70.811 45.345 24 12 1 4 1 2 4 8
627 -48.772 -73.319 23 22 1 4 1 2 4 8
628 49.712 -86.421 2 18 1 4 1 2 4 8
629 -40.758 17.025 24 25 1 4 1 2 4 8
630 -20.36 80.11 11 22 1 4 1 2 4 8
631 -19.43 -78.314 17 5 1 4 1 2 4 8
632 77.457 -5.572 24 24 1 4 1 2 4 8
633 50.663 -50.152 8 22 1 4 1 2 4 8
634 41.693 90.021 7 7 1 4 1 2 4 8
635 37.089 48.551 16 16 1 4 1 2 4 8
636 -26.572 -70.862 24 22 1 4 1 2 4 8
637 -42.298 -78.571 23 8 1 4 1 2 4 8
638 16.27 48.373 15 3 1 4 1 2 4 8
639 -89.639 4.546 18 24 1 4 1 2 4 8
640 -82.556 56.598 2 19 1 4 1 2 4 8
641 80.046 54.554 21 20 1 4 1 2 4 8
642 -20.044 -22.592 25 15 1 4 1 2 4 8
643 -40.026 -96.147 24 22 1 4 1 2 4 8
644 -69.779 -16.086 24 1 1 4 1 2 4 8
645 -49.63 -80.411 16 10 1 4 1 2 4 8
646 -29.008 36.073 1 8 1 4 1 2 4 8
647 -11.208 91.789 17 19 1 4 1 2 4 8
648 -75.514 54.001 1 18 1 4 1 2 4 8
649 -29.107 -79.827 5 21 1 4 1 2 4 8
650 -97.607 -28.78 20 9 1 4 1 2 4 8
651 -42.006 -35.312 12 13 1 4 1 2 4 8
652 51.9 57.757 1 19 1 4 1 2 4 8
653 5.185 48.656 24 21 1 4 1 2 4 8
654 45.895 51.01 17 15 1 4 1 2 4 8
655 33.191 -82.843 9 2 1 4 1 2 4 8
656 85.046 13.184 21 2 1 4 1 2 4 8
657 44.102 67.494 25 15 1 4 1 2 4 8
658 0.931 19.547 4 19 1 4 1 2 4 8
659 -26.083 24.157 24 19 1 4 1 2 4 8
660 73.602 84.618 15 17 1 4 1 2 4 8
661 -90.298 60.881 1 5 1 4 1 2 4 8
662 -70.263 96.525 18 20 1 4 1 2 4 8
663 -76.467 66.87 7 18 1 4 1 2 4 8
664 -23.659 78.402 19 19 1 4 1 2 4 8
665 -90.451 6.929 8 20 1 4 1 2 4 8
666 48.228 -15.129 14 12 1 4 1 2 4 8
667 34.438 -59.024 21 7 1 4 1 2 4 8
668 77.358 2.638 6 9 1 4 1 2 4 8
669 -74.477 86.767 1 2 1 4 1 2 4 8
670 44.852 -72.855 19 16 1 4 1 2 4 8
671 -20.254 -73.935 23 23 1 4 1 2 4 8
672 -62.292 -69.612 20 18 1 4 1 2 4 8
673 36.13 -26.434 23 3 1 4 1 2 4 8
674 -83.702 -19.421 12 14 1 4 1 2 4 8
675 -9.16 -98.196 22 5 1 4 1 2 4 8
676 -50.843 99.279 12 18 1 4 1 2 4 8
677 -83.812 84.11 5 7 1 4 1 2 4 8
678 -77.961 65.717 5 7 1 4 1 2 4 8
679 15.946 72.403 3 16 1 4 1 2 4 8
680 23.219 -49.943 22 24 1 4 1 2 4 8
681 4.438 -83.83 19 15 1 4 1 2 4 8
682 -24.615 29.512 19 25 1 4 1 2 4 8
683 40.386 -76.915 15 14 1 4 1 2 4 8
684 -54.999 8.693 5 6 1 4 1 2 4 8
685 44.16 -99.736 23 9 1 4 1 2 4 8
686 83.757 45.042 14 24 1 4 1 2 4 8
687 76.831 -20.331 18 14 1 4 1 2 4 8
688 -89.009 -10.482 11 3 1 4 1 2 4 8
689 15.583 82.767 13 6 1 4 1 2 4 8
690 -32.415 -22.36 1 7 1 4 1 2 4 8
691 -41.918 -71.355 25 21 1 4 1 2 4 8
692 88.359 -78.058 1 22 1 4 1 2 4 8
693 98.774 92.102 9 23 1 4 1 2 4 8
694 -81.652 85.006 8 11 1 4 1 2 4 8
695 66.749 -59.954 9 23 1 4 1 2 4 8
696 -57.677 -78.311 7 13 1 4 1 2 4 8
697 -37.224 -30.546 11 24 1 4 1 2 4 8
698 -69.712 7.82 25 16 1 4 1 2 4 8
699 -10.363 53.529 9 9 1 4 1 2 4 8
700 51.096 -68.997 12 1 1 4 1 2 4 8
701 -56.197 -62.837 24 5 1 4 1 2 4 8
702 99.62 -99.241 11 7 1 4 1 2 4 8
703 -25.95 -19.661 2 6 1 4 1 2 4 8
704 -73.947 98.708 24 7 1 4 1 2 4 8
705 40.231 -65.616 6 1 1 4 1 2 4 8
706 -44.954 29.996 16 22 1 4 1 2 4 8
707 31.193 -80.677 22 17 1 4 1 2 4 8
708 22.883 41.487 17 13 1 4 1 2 4 8
709 -56.321 13.35 10 13 1 4 1 2 4 8
710 -76.894 -77.758 24 10 1 4 1 2 4 8
711 -69.056 98.904 18 1 1 4 1 2 4 8
712 36.805 54.918 11 4 1 4 1 2 4 8
713 54.907 -51.606 20 19 1 4 1 2 4 8
714 41.129 -64.28 4 25 1 4 1 2 4 8
715 35.752 52.843 22 1 1 4 1 2 4 8
716 -34.888 -38.713 4 11 1 4 1 2 4 8
717 -34.067 11.619 16 19 1 4 1 2 4 8
718 64.34 80.416 7 3 1 4 1 2 4 8
719 70.035 11.868 21 13 1 4 1 2 4 8
720 -10.431 -88.857 2 21 1 4 1 2 4 8
721 -83.205 -95.658 9 17 1 4 1 2 4 8
722 1.419 -75.658 14 10 1 4 1 2 4 8
723 -72.908 95.289 14 18 1 4 1 2 4 8
724 -86.126 65.496 20 18 1 4 1 2 4 8
725 66.2 52.163 15 20 1 4 1 2 4 8
726 -67.521 48.681 13 17 1 4 1 2 4 8
727 18.367 90.489 4 11 1 4 1 2 4 8
728 96.055 -57.092 7 25 1 4 1 2 4 8
729 -36.053 28.343 9 1 1 4 1 2 4 8
730 -90.489 -86.633 6 22 1 4 1 2 4 8
731 -23.699 -59.98 4 15 1 4 1 2 4 8
732 92.058 -90.782 15 3 1 4 1 2 4 8
733 -91.551 20.966 3 8 1 4 1 2 4 8
734 60.909 -25.391 14 19 1 4 1 2 4 8
735 -70.388 -49.273 7 25 1 4 1 2 4 8
736 65.814 -98.127 11 23 1 4 1 2 4 8
737 33.392 -59.163 21 10 1 4 1 2 4 8
738 26.95 61.491 17 12 1 4 1 2 4 8
739 -24.952 80.974 14 13 1 4 1 2 4 8
740 10.379 -37.289 1 18 1 4 1 2 4 8
741 28.005 -7.266 13 17 1 4 1 2 4 8
742 -30.034 27.5 5 8 1 4 1 2 4 8
743 64.822 59.485 13 24 1 4 1 2 4 8
744 -76.621 69.541 22 13 1 4 1 2 4 8
745 -7.765 40.612 25 11 1 4 1 2 4 8
746 59.286 6.642 9 6 1 4 1 2 4 8
747 56.723 74.358 12 20 1 4 1 2 4 8
748 -69.295 44.589 23 2 1 4 1 2 4 8
749 90.355 71.354 20 24 1 4 1 2 4 8
750 58.722 -34.9 18 23 1 4 1 2 4 8
751 70.612 -13.928 11 13 1 4 1 2 4 8
752 77.417 -94.012 17 8 1 4 1 2 4 8
753 61.647 65.661 12 6 1 4 1 2 4 8
754 -31.672 93.293 9 17 1 4 1 2 4 8
755 -20.957 29.283 7 3 1 4 1 2 4 8
756 -96.717 -0.938 1 15 1 4 1 2 4 8
757 91.575 74.58 15 2 1 4 1 2 4 8
758 -40.746 12.092 8 18 1 4 1 2 4 8
759 -92.39 -39.84 24 5 1 4 1 2 4 8
760 94.695 94.699 18 5 1 4 1 2 4 8
761 -91.887 -38.387 15 17 1 4 1 2 4 8
762 62.971 -72.067 9 9 1 4 1 2 4 8
763 -10.031 -57.499 12 25 1 4 1 2 4 8
764 4.095 -81.218 13 23 1 4 1 2 4 8
765 72.863 71.278 1 25 1 4 1 2 4 8
766 -51.174 -86.96 5 22 1 4 1 2 4 8
767 -6.212 -99.502 12 16 1 4 1 2 4 8
768 44.804 88.327 18 1 1 4 1 2 4 8
769 8.485 -62.932 14 15 1 4 1 2 4 8
770 -96.971 -52.768 3 10 1 4 1 2 4 8
771 93.751 -11.266 4 2 1 4 1 2 4 8
772 85.659 46.607 2 2 1 4 1 2 4 8
773 24.974 -19.604 8 12 1 4 1 2 4 8
774 -31.853 -46.993 18 14 1 4 1 2 4 8
775 23.84 17.898 13 8 1 4 1 2 4 8
776 -88.24 -97.924 12 23 1 4 1 2 4 8
777 92.024 -81.998 8 9 1 4 1 2 4 8
778 -17.588 76.68 18 5 1 4 1 2 4 8
779 -9.572 82.312 7 19 1 4 1 2 4 8
780 -53.4 -56.061 21 23 1 4 1 2 4 8
781 -90.889 17.019 8 1 1 4 1 2 4 8
782 -3.697 74.402 24 22 1 4 1 2 4 8
783 43.616 3.287 8 21 1 4 1 2 4 8
784 -54.052 98.646 16 18 1 4 1 2 4 8
785 -40.232 39.61 17 21 1 4 1 2 4 8
786 -43.269 -82.579 10 19 1 4 1 2 4 8
787 -54.778 -23.53 9 2 1 4 1 2 4 8
788 95.605 -37.353 19 3 1 4 1 2 4 8
789 -50.182 17.361 14 6 1 4 1 2 4 8
790 -98.752 72.571 10 10 1 4 1 2 4 8
791 22.43 -68.184 18 12 1 4 1 2 4 8
792 -75.546 -39.052 21 4 1 4 1 2 4 8
793 -97.987 46.23 5 22 1 4 1 2 4 8
794 -1.764 -95.685 11 16 1 4 1 2 4 8
795 -89.552 -71.865 21 11 1 4 1 2 4 8
796 -93.212 -82.2 23 11 1 4 1 2 4 8
797 55.058 31.095 10 19 1 4 1 2 4 8
798 -17.933 -13.748 13 18 1 4 1 2 4 8
799 24.202 -46.213 2 14 1 4 1 2 4 8
800 -64.115 29.437 6 22 1 4 1 2 4 8
801 -9.649 -98.129 15 20 1 4 1 2 4 8
802 -50.79 33.48 25 16 1 4 1 2 4 8
803 90.544 57.589 10 2 1 4 1 2 4 8
804 39.046 -88.226 19 9 1 4 1 2 4 8
805 5.712 91.502 20 8 1 4 1 2 4 8
806 -49.503 42.806 4 17 1 4 1 2 4 8
807 56.14 -50.613 23 17 1 4 1 2 4 8
808 36.844 38.739 15 11 1 4 1 2 4 8
809 -70.449 -30.975 14 24 1 4 1 2 4 8
810 -46.779 -16.769 16 12 1 4 1 2 4 8
811 -12.939 -84.1 5 11 1 4 1 2 4 8
812 -12.838 -90.465 5 18 1 4 1 2 4 8
813 54.605 -52.579 15 12 1 4 1 2 4 8
814 49.515 -66.499 18 9 1 4 1 2 4 8
815 -6.805 35.834 25 16 1 4 1 2 4 8
816 45.008 88.392 14 13 1 4 1 2 4 8
817 92.256 0.059 10 6 1 4 1 2 4 8
818 33.49 -84.133 17 22 1 4 1 2 4 8
819 -0.001 -79.499 12 5 1 4 1 2 4 8
820 21.211 76.543 20 5 1 4 1 2 4 8
821 -25.403 10.35 25 21 1 4 1 2 4 8
822 -68.887 69.04 3 5 1 4 1 2 4 8
823 -71.004 40.295 6 17 1 4 1 2 4 8
824 -41.008 -9.17 25 1 1 4 1 2 4 8
825 74.079 73.543 12 25 1 4 1 2 4 8
826 -79.158 -75.061 19 12 1 4 1 2 4 8
827 -17.004 -57.012 17 24 1 4 1 2 4 8
828 75.924 6.625 19 7 1 4 1 2 4 8
829 14.185 -89.336 10 18 1 4 1 2 4 8
830 -37.494 -46.767 9 23 1 4 1 2 4 8
831 -84.735 -51.628 12 2 1 4 1 2 4 8
832 -44.461 85.491 5 18 1 4 1 2 4 8
833 24.902 -42.077 18 9 1 4 1 2 4 8
834 25.656 -81.676 15 1 1 4 1 2 4 8
835 -69.317 -61.091 6 19 1 4 1 2 4 8
836 -73.423 -93.29 2 2 1 4 1 2 4 8
837 25.411 53.694 7 24 1 4 1 2 4 8
838 -95.092 5.94 1 12 1 4 1 2 4 8
839 49.478 -84.685 7 14 1 4 1 2 4 8
840 -28.42 8.416 25 5 1 4 1 2 4 8
841 34.429 -31.058 15 3 1 4 1 2 4 8
842 -6.623 6.684 8 2 1 4 1 2 4 8
843 -97.747 -95.894 23 4 1 4 1 2 4 8
844 15.203 -19.21 8 23 1 4 1 2 4 8
845 16.65 -28.117 18 2 1 4 1 2 4 8
846 57.026 66.299 14 20 1 4 1 2 4 8
847 -3.114 -32.297 7 22 1 4 1 2 4 8
848 -56.169 56.556 17 6 1 4 1 2 4 8
849 -62.563 -53.185 15 10 1 4 1 2 4 8
850 36.791 22.898 2 4 1 4 1 2 4 8
851 -28.9 3.404 5 10 1 4 1 2 4 8
852 -78.321 53.96 22 16 1 4 1 2 4 8
853 76.21 -65.247 8 19 1 4 1 2 4 8
854 -61.722 -99.278 8 21 1 4 1 2 4 8
855 24.331 -66.662 23 13 1 4 1 2 4 8
856 30.95 98.82 6 22 1 4 1 2 4 8
857 81.313 -24.464 3 12 1 4 1 2 4 8
858 56.966 98.127 17 24 1 4 1 2 4 8
859 -7.623 27.441 21 1 1 4 1 2 4 8
860 -53.946 38.506 15 15 1 4 1 2 4 8
861 90.63 37.119 22 1 1 4 1 2 4 8
862 -47.842 -30.793 20 4 1 4 1 2 4 8
863 30.929 79.761 3 13 1 4 1 2 4 8
864 -41.943 12.672 1 9 1 4 1 2 4 8
865 -93.685 34.618 4 15 1 4 1 2 4 8
866 -40.926 65.042 8 2 1 4 1 2 4 8
867 74.805 -53.634 1 24 1 4 1 2 4 8
868 -81.151 -71.185 4 17 1 4 1 2 4 8
869 -38.15 91.203 4 23 1 4 1 2 4 8
870 43.86 -48.545 11 23 1 4 1 2 4 8
871 79.962 17.617 1 1 1 4 1 2 4 8
872 -47.147 -98.77 12 10 1 4 1 2 4 8
873 29.421 -98.473 11 1 1 4 1 2 4 8
874 -45.366 38.629 5 19 1 4 1 2 4 8
875 -20.84 74.532 11 9 1 4 1 2 4 8
876 -25.271 -2.099 23 24 1 4 1 2 4 8
877 -6.889 48.105 9 5 1 4 1 2 4 8
878 47.407 -12.358 24 5 1 4 1 2 4 8
879 95.657 54.128 3 6 1 4 1 2 4 8
880 15.363 -3.004 14 1 1 4 1 2 4 8
881 -47.168 -88.661 6 22 1 4 1 2 4 8
882 44.634 97.66 8 17 1 4 1 2 4 8
883 53.992 -69.14 19 22 1 4 1 2 4 8
884 -80.737 43.329 8 15 1 4 1 2 4 8
885 -13.083 65.857 5 19 1 4 1 2 4 8
886 70.105 24.677 6 17 1 4 1 2 4 8
887 93.224 -93.226 13 20 1 4 1 2 4 8
888 16.282 -43.709 12 6 1 4 1 2 4 8
889 -39.984 48.242 6 7 1 4 1 2 4 8
890 -46.097 -62.716 14 14 1 4 1 2 4 8
891 -44.837 0.618 13 24 1 4 1 2 4 8
892 -78.424 -71.895 19 24 1 4 1 2 4 8
893 -75.892 -63.575 8 22 1 4 1 2 4 8
894 -87.063 85.32 23 18 1 4 1 2 4 8
895 12.638 36.317 7 1 1 4 1 2 4 8
896 60.551 -9.353 12 23 1 4 1 2 4 8
897 -71.329 -30.726 21 21 1 4 1 2 4 8
898 18.507 46.734 11 18 1 4 1 2 4 8
899 77.469 30.142 2 3 1 4 1 2 4 8
900 -73.597 -43.46 3 5 1 4 1 2 4 8
901 4.631 80.125 3 15 1 4 1 2 4 8
902 94.27 -21.489 3 15 1 4 1 2 4 8
903 -10.256 6.666 18 18 1 4 1 2 4 8
904 50.763 9.373 24 21 1 4 1 2 4 8
905 34.368 -28.788 19 8 1 4 1 2 4 8
906 -81.104 -3.009 19 19 1 4 1 2 4 8
907 53.546 -37.934 11 11 1 4 1 2 4 8
908 57.706 43.028 3 15 1 4 1 2 4 8
909 -14.225 47.507 9 6 1 4 1 2 4 8
910 -68.739 69.76 8 4 1 4 1 2 4 8
911 -20.898 61.886 19 7 1 4 1 2 4 8
912 -57.548 -41.256 9 16 1 4 1 2 4 8
913 48.917 -42.342 17 22 1 4 1 2 4 8
914 -25.761 -96.251 16 21 1 4 1 2 4 8
915 -81.428 -33.981 20 17 1 4 1 2 4 8
916 -29.227 75.265 17 6 1 4 1 2 4 8
917 -76.224 -29.672 12 16 1 4 1 2 4 8
918 35.529 33.32 13 21 1 4 1 2 4 8
919 73.463 68.161 14 7 1 4 1 2 4 8
920 -84.097 -57.43 15 7 1 4 1 2 4 8
921 -91.409 -31.64 19 20 1 4 1 2 4 8
922 83.302 -97.733 6 21 1 4 1 2 4 8
923 83.953 -5.964 23 5 1 4 1 2 4 8
924 -82.046 81.397 5 22 1 4 1 2 4 8
925 71.55 23.191 1 1 1 4 1 2 4 8
926 67.525 40.186 6 2 1 4 1 2 4 8
927 59.249 78.82 2 21 1 4 1 2 4 8
928 -77.69 -49.184 11 21 1 4 1 2 4 8
929 -49.375 -69.576 16 8 1 4 1 2 4 8
930 -23.132 -26.655 9 15 1 4 1 2 4 8
931 -13.454 85.519 22 25 1 4 1 2 4 8
932 62.235 -72.145 15 14 1 4 1 2 4 8
933 -51.608 15.403 23 13 1 4 1 2 4 8
934 44.312 59.85 11 19 1 4 1 2 4 8
935 10.267 -99.284 2 17 1 4 1 2 4 8
936 72.499 -55.3 5 7 1 4 1 2 4 8
937 23.89 26.42 10 23 1 4 1 2 4 8
938 -77.291 83.238 14 13 1 4 1 2 4 8
939 -16.098 42.405 10 19 1 4 1 2 4 8
940 66.606 -72.774 8 15 1 4 1 2 4 8
941 -68.14 -44.73 19 11 1 4 1 2 4 8
942 6.584 -26.706 18 7 1 4 1 2 4 8
943 -99.601 -76.292 4 3 1 4 1 2 4 8
944 -31.62 -22.726 16 13 1 4 1 2 4 8
945 31.778 38.319 24 4 1 4 1 2 4 8
946 -8.161 -83.497 4 21 1 4 1 2 4 8
947 91.14 -50.396 13 7 1 4 1 2 4 8
948 65.366 -34.336 9 8 1 4 1 2 4 8
949 32.076 -73.286 15 5 1 4 1 2 4 8
950 -0.289 88.391 16 25 1 4 1 2 4 8
951 -29.26 91.107 22 2 1 4 1 2 4 8
952 76.349 -77.361 23 4 1 4 1 2 4 8
953 -34.172 -63.662 12 4 1 4 1 2 4 8
954 -48.098 99.48 21 21 1 4 1 2 4 8
955 7.926 95.3 14 21 1 4 1 2 4 8
956 41.25 -83.975 2 15 1 4 1 2 4 8
957 68.428 -95.934 7 25 1 4 1 2 4 8
958 84.029 -11.163 12 19 1 4 1 2 4 8
959 -38.899 93.253 15 19 1 4 1 2 4 8
960 77.418 29.866 14 16 1 4 1 2 4 8
961 2.958 4.357 0 0 0 0
962 21.494 -8.63 0 0 0 0
963 -43.073 -18.094 0 0 0 0
964 -10.406 -37.888 0 0 0 0
