2 15 880 6
400 170
400 170
400 170
400 170
400 170
400 170
1 74.398 2.692 8 16 1 6 1 2 4 8 16 32
2 -28.344 -17.432 25 18 1 6 1 2 4 8 16 32
3 -50.075 39.237 2 2 1 6 1 2 4 8 16 32
4 79.59 82.393 23 15 1 6 1 2 4 8 16 32
5 61.698 -53.092 12 11 1 6 1 2 4 8 16 32
6 -63.955 -22.283 19 9 1 6 1 2 4 8 16 32
7 75.778 -69.433 4 17 1 6 1 2 4 8 16 32
8 22.586 -83.907 20 21 1 6 1 2 4 8 16 32
9 -86.788 -27.145 19 17 1 6 1 2 4 8 16 32
10 -81.831 -39.166 10 8 1 6 1 2 4 8 16 32
11 19.863 24.925 11 25 1 6 1 2 4 8 16 32
12 -63.5 16.599 8 22 1 6 1 2 4 8 16 32
13 96.287 -67.422 19 2 1 6 1 2 4 8 16 32
14 46.465 82.227 6 23 1 6 1 2 4 8 16 32
15 94.992 -93.873 1 1 1 6 1 2 4 8 16 32
16 70.484 83.028 7 24 1 6 1 2 4 8 16 32
17 8.301 -97.197 11 14 1 6 1 2 4 8 16 32
18 84.535 83.563 12 23 1 6 1 2 4 8 16 32
19 -31.382 -53.353 7 6 1 6 1 2 4 8 16 32
20 -76.44 -30.377 10 8 1 6 1 2 4 8 16 32
21 98.978 24.314 3 19 1 6 1 2 4 8 16 32
22 72.157 -61.097 3 8 1 6 1 2 4 8 16 32
23 -52.145 -54.455 17 1 1 6 1 2 4 8 16 32
24 -82.192 -24.92 12 4 1 6 1 2 4 8 16 32
25 -34.223 -7.639 7 13 1 6 1 2 4 8 16 32
26 12.413 49.052 18 13 1 6 1 2 4 8 16 32
27 65.409 32.804 17 20 1 6 1 2 4 8 16 32
28 -49.305 -60.586 14 9 1 6 1 2 4 8 16 32
29 -89.514 -7.337 6 14 1 6 1 2 4 8 16 32
30 79.734 34.981 23 7 1 6 1 2 4 8 16 32
31 -92.319 13.061 2 11 1 6 1 2 4 8 16 32
32 -22 55.634 15 15 1 6 1 2 4 8 16 32
33 57.728 78.306 23 16 1 6 1 2 4 8 16 32
34 -91.824 -57.099 24 11 1 6 1 2 4 8 16 32
35 -17.173 -57.77 4 14 1 6 1 2 4 8 16 32
36 98.536 74.341 24 12 1 6 1 2 4 8 16 32
37 80.134 -34.37 18 4 1 6 1 2 4 8 16 32
38 -81.105 63.758 10 11 1 6 1 2 4 8 16 32
39 72.739 -98.718 7 19 1 6 1 2 4 8 16 32
40 -96.412 72.897 11 8 1 6 1 2 4 8 16 32
41 19.351 83.622 9 7 1 6 1 2 4 8 16 32
42 -95.833 32.825 22 19 1 6 1 2 4 8 16 32
43 32.024 -65.238 23 9 1 6 1 2 4 8 16 32
44 -59.011 49.719 3 24 1 6 1 2 4 8 16 32
45 -21.061 -62.843 2 20 1 6 1 2 4 8 16 32
46 -51.674 -88.581 1 6 1 6 1 2 4 8 16 32
47 24.641 -77.076 2 1 1 6 1 2 4 8 16 32
48 -83.013 88.023 10 10 1 6 1 2 4 8 16 32
49 50.435 -81.865 23 15 1 6 1 2 4 8 16 32
50 -49.351 11.697 21 2 1 6 1 2 4 8 16 32
51 -64.821 -42.687 6 23 1 6 1 2 4 8 16 32
52 51.49 32.538 9 2 1 6 1 2 4 8 16 32
53 78.986 5.467 12 9 1 6 1 2 4 8 16 32
54 49.127 95.298 17 6 1 6 1 2 4 8 16 32
55 12.855 -5.226 6 3 1 6 1 2 4 8 16 32
56 -18.273 68.258 24 17 1 6 1 2 4 8 16 32
57 0.272 -24.782 18 8 1 6 1 2 4 8 16 32
58 92.088 -82.543 21 13 1 6 1 2 4 8 16 32
59 92.321 -12.63 18 22 1 6 1 2 4 8 16 32
60 87.652 -81.329 9 2 1 6 1 2 4 8 16 32
61 12.393 35.304 2 9 1 6 1 2 4 8 16 32
62 94.671 -55.65 19 5 1 6 1 2 4 8 16 32
63 -73.793 62.268 17 20 1 6 1 2 4 8 16 32
64 77.979 -47.487 8 18 1 6 1 2 4 8 16 32
65 -50.435 -72.255 6 4 1 6 1 2 4 8 16 32
66 -88.727 11.618 13 5 1 6 1 2 4 8 16 32
67 -98.309 -98.872 6 19 1 6 1 2 4 8 16 32
68 -80.669 14.506 18 2 1 6 1 2 4 8 16 32
69 -40.123 -34.209 8 18 1 6 1 2 4 8 16 32
70 18.178 45.924 8 21 1 6 1 2 4 8 16 32
71 -33.767 -26.121 12 18 1 6 1 2 4 8 16 32
72 -0.83 24.55 22 2 1 6 1 2 4 8 16 32
73 71.51 -76.041 2 20 1 6 1 2 4 8 16 32
74 -93.487 -8.037 22 13 1 6 1 2 4 8 16 32
75 -62.462 36.497 18 13 1 6 1 2 4 8 16 32
76 33.705 -24.84 4 14 1 6 1 2 4 8 16 32
77 -97.518 -51.281 18 23 1 6 1 2 4 8 16 32
78 -77.523 -69.189 18 25 1 6 1 2 4 8 16 32
79 -66.109 -92.951 4 25 1 6 1 2 4 8 16 32
80 29.145 75.018 1 20 1 6 1 2 4 8 16 32
81 -43.613 98.877 14 15 1 6 1 2 4 8 16 32
82 -13.693 -77.74 13 4 1 6 1 2 4 8 16 32
83 -29.092 -73.952 19 17 1 6 1 2 4 8 16 32
84 -59.931 79.215 14 5 1 6 1 2 4 8 16 32
85 63.509 81.027 21 4 1 6 1 2 4 8 16 32
86 89.689 -76.777 22 20 1 6 1 2 4 8 16 32
87 25.765 -63.018 13 11 1 6 1 2 4 8 16 32
88 87.684 72.051 5 5 1 6 1 2 4 8 16 32
89 60.187 -44.204 5 2 1 6 1 2 4 8 16 32
90 -23.442 91.116 19 3 1 6 1 2 4 8 16 32
91 40.372 89.616 24 15 1 6 1 2 4 8 16 32
92 -75.122 -17.393 22 22 1 6 1 2 4 8 16 32
93 73.83 75.837 15 2 1 6 1 2 4 8 16 32
94 -74.374 86.281 9 7 1 6 1 2 4 8 16 32
95 -37.843 -84.149 4 2 1 6 1 2 4 8 16 32
96 19.354 -7.134 17 22 1 6 1 2 4 8 16 32
97 50.717 81.312 10 15 1 6 1 2 4 8 16 32
98 -73.54 -59.72 4 22 1 6 1 2 4 8 16 32
99 -28.217 -93.019 8 14 1 6 1 2 4 8 16 32
100 -19.089 57.813 3 25 1 6 1 2 4 8 16 32
101 19.923 -91.844 2 7 1 6 1 2 4 8 16 32
102 47.511 -84.832 10 10 1 6 1 2 4 8 16 32
103 -16.981 69.551 23 24 1 6 1 2 4 8 16 32
104 -18.664 33.174 23 20 1 6 1 2 4 8 16 32
105 -67.235 91.064 13 2 1 6 1 2 4 8 16 32
106 28.908 73.689 18 21 1 6 1 2 4 8 16 32
107 44.676 -84.053 24 15 1 6 1 2 4 8 16 32
108 8.477 -9.628 13 10 1 6 1 2 4 8 16 32
109 -60.378 -13.467 11 17 1 6 1 2 4 8 16 32
110 -52.375 -32.332 21 6 1 6 1 2 4 8 16 32
111 -23.535 -46.021 17 18 1 6 1 2 4 8 16 32
112 16.938 -65.821 1 14 1 6 1 2 4 8 16 32
113 83.435 -63.765 4 16 1 6 1 2 4 8 16 32
114 -60.326 -81.289 8 11 1 6 1 2 4 8 16 32
115 -51.889 -69.908 4 9 1 6 1 2 4 8 16 32
116 -15.767 -87.689 5 6 1 6 1 2 4 8 16 32
117 97.014 54.023 17 22 1 6 1 2 4 8 16 32
118 65.406 -79.043 20 24 1 6 1 2 4 8 16 32
119 -43.499 74.997 11 19 1 6 1 2 4 8 16 32
120 60.211 86.287 25 17 1 6 1 2 4 8 16 32
121 -0.885 -96.702 3 16 1 6 1 2 4 8 16 32
122 37.168 75.667 16 7 1 6 1 2 4 8 16 32
123 -15.723 -86.624 13 12 1 6 1 2 4 8 16 32
124 -11.834 23.295 16 7 1 6 1 2 4 8 16 32
125 -55.227 -43.313 22 9 1 6 1 2 4 8 16 32
126 -47.345 32.97 1 16 1 6 1 2 4 8 16 32
127 -69.543 2.916 19 1 1 6 1 2 4 8 16 32
128 -29.019 40.365 5 1 1 6 1 2 4 8 16 32
129 -2.71 93.995 20 20 1 6 1 2 4 8 16 32
130 -43.454 90.189 19 3 1 6 1 2 4 8 16 32
131 88.091 11.886 15 19 1 6 1 2 4 8 16 32
132 7.563 -98.034 13 8 1 6 1 2 4 8 16 32
133 -54.865 -79.097 13 1 1 6 1 2 4 8 16 32
134 -77.274 -43.105 3 2 1 6 1 2 4 8 16 32
135 -84.757 81.79 14 3 1 6 1 2 4 8 16 32
136 -2.629 -67.495 19 6 1 6 1 2 4 8 16 32
137 50.528 78.183 25 7 1 6 1 2 4 8 16 32
138 37.707 98.965 13 8 1 6 1 2 4 8 16 32
139 -95.286 62.158 6 17 1 6 1 2 4 8 16 32
140 -59.416 -6.597 5 5 1 6 1 2 4 8 16 32
141 13.186 91.277 14 7 1 6 1 2 4 8 16 32
142 -18.092 -60.229 18 4 1 6 1 2 4 8 16 32
143 75.747 12.289 1 5 1 6 1 2 4 8 16 32
144 -84.96 -86.749 1 5 1 6 1 2 4 8 16 32
145 -40.311 -76.732 8 11 1 6 1 2 4 8 16 32
146 97.655 61.4 6 23 1 6 1 2 4 8 16 32
147 -58.494 -74.726 1 1 1 6 1 2 4 8 16 32
148 57.07 84.299 21 23 1 6 1 2 4 8 16 32
149 -76.258 -98.432 21 20 1 6 1 2 4 8 16 32
150 -19.787 -16.937 25 10 1 6 1 2 4 8 16 32
151 -56.943 -91.321 10 3 1 6 1 2 4 8 16 32
152 61.143 -50.147 18 25 1 6 1 2 4 8 16 32
153 41.27 -93.797 4 10 1 6 1 2 4 8 16 32
154 0.765 68.327 11 12 1 6 1 2 4 8 16 32
155 22.652 -12.459 24 2 1 6 1 2 4 8 16 32
156 -49.373 -11.169 9 5 1 6 1 2 4 8 16 32
157 82.417 -12.685 22 15 1 6 1 2 4 8 16 32
158 -44.852 -24.038 23 1 1 6 1 2 4 8 16 32
159 -23.094 -82.944 8 4 1 6 1 2 4 8 16 32
160 -96.489 -68.407 7 12 1 6 1 2 4 8 16 32
161 -0.725 -52.985 13 9 1 6 1 2 4 8 16 32
162 77.578 22.849 18 23 1 6 1 2 4 8 16 32
163 -65.714 0.841 6 6 1 6 1 2 4 8 16 32
164 -53.707 -43.512 19 16 1 6 1 2 4 8 16 32
165 -15.875 -57.184 22 20 1 6 1 2 4 8 16 32
166 -51.839 -70.497 11 5 1 6 1 2 4 8 16 32
167 -98.22 42.876 19 24 1 6 1 2 4 8 16 32
168 -89.776 -62.296 1 1 1 6 1 2 4 8 16 32
169 -81.043 -26.338 6 18 1 6 1 2 4 8 16 32
170 -49.509 -87.155 23 16 1 6 1 2 4 8 16 32
171 -12.5 42.259 17 20 1 6 1 2 4 8 16 32
172 85.553 10.064 16 4 1 6 1 2 4 8 16 32
173 -16.781 -37.596 1 3 1 6 1 2 4 8 16 32
174 -39.146 93.141 5 10 1 6 1 2 4 8 16 32
175 -67.551 -35.844 4 9 1 6 1 2 4 8 16 32
176 28.793 83.633 23 24 1 6 1 2 4 8 16 32
177 -51.802 43.962 18 22 1 6 1 2 4 8 16 32
178 19.754 63.128 14 9 1 6 1 2 4 8 16 32
179 5.154 32.394 11 19 1 6 1 2 4 8 16 32
180 49.076 45.315 4 7 1 6 1 2 4 8 16 32
181 -67.541 90.141 7 19 1 6 1 2 4 8 16 32
182 -76.329 -17.343 6 21 1 6 1 2 4 8 16 32
183 88.549 28.026 19 2 1 6 1 2 4 8 16 32
184 11.451 -67.094 16 13 1 6 1 2 4 8 16 32
185 67.156 -39.168 18 22 1 6 1 2 4 8 16 32
186 74.817 -17.028 18 12 1 6 1 2 4 8 16 32
187 -94.906 -31.706 7 9 1 6 1 2 4 8 16 32
188 69.783 45.476 23 20 1 6 1 2 4 8 16 32
189 -99.324 90.437 25 10 1 6 1 2 4 8 16 32
190 2.646 -18.594 20 1 1 6 1 2 4 8 16 32
191 -98.794 97.084 21 11 1 6 1 2 4 8 16 32
192 -8.744 35.989 16 20 1 6 1 2 4 8 16 32
193 -70.657 -56.623 11 5 1 6 1 2 4 8 16 32
194 -8.899 -70.758 19 9 1 6 1 2 4 8 16 32
195 -31.421 -20.414 1 19 1 6 1 2 4 8 16 32
196 90.593 91.792 4 4 1 6 1 2 4 8 16 32
197 -69.661 40.475 19 13 1 6 1 2 4 8 16 32
198 35.422 -75.577 22 15 1 6 1 2 4 8 16 32
199 -13.872 52.023 13 22 1 6 1 2 4 8 16 32
200 -80.864 -18.014 21 11 1 6 1 2 4 8 16 32
201 -49.906 62.928 19 11 1 6 1 2 4 8 16 32
202 44.92 -84.784 10 2 1 6 1 2 4 8 16 32
203 -79.066 -41.935 22 4 1 6 1 2 4 8 16 32
204 44.448 -72.234 19 16 1 6 1 2 4 8 16 32
205 38.066 52.314 3 3 1 6 1 2 4 8 16 32
206 -67.918 -43.582 20 9 1 6 1 2 4 8 16 32
207 87.472 70.413 22 6 1 6 1 2 4 8 16 32
208 35.435 -5.409 11 19 1 6 1 2 4 8 16 32
209 78.102 -87.657 16 7 1 6 1 2 4 8 16 32
210 -69.842 -91.787 9 20 1 6 1 2 4 8 16 32
211 86.062 -87.463 14 14 1 6 1 2 4 8 16 32
212 -12.736 -80.323 25 20 1 6 1 2 4 8 16 32
213 -38.426 -31.846 6 2 1 6 1 2 4 8 16 32
214 -49.366 10.733 8 20 1 6 1 2 4 8 16 32
215 10.482 41.389 22 8 1 6 1 2 4 8 16 32
216 4.337 97.717 16 10 1 6 1 2 4 8 16 32
217 62.209 74.82 12 6 1 6 1 2 4 8 16 32
218 -37.401 95.287 4 7 1 6 1 2 4 8 16 32
219 -31.234 84.347 12 2 1 6 1 2 4 8 16 32
220 75.098 56.919 24 15 1 6 1 2 4 8 16 32
221 -40.335 18.837 22 25 1 6 1 2 4 8 16 32
222 77.002 18.75 22 25 1 6 1 2 4 8 16 32
223 -10.169 59.236 7 11 1 6 1 2 4 8 16 32
224 98.485 -65.939 4 11 1 6 1 2 4 8 16 32
225 -52.459 -11.012 11 8 1 6 1 2 4 8 16 32
226 -21.474 -95.484 11 2 1 6 1 2 4 8 16 32
227 15.295 86.941 2 19 1 6 1 2 4 8 16 32
228 19.363 -72.907 14 12 1 6 1 2 4 8 16 32
229 -30.405 63.795 17 20 1 6 1 2 4 8 16 32
230 58.593 -82.985 1 12 1 6 1 2 4 8 16 32
231 -67.986 16.297 16 6 1 6 1 2 4 8 16 32
232 -31.951 -79.813 3 18 1 6 1 2 4 8 16 32
233 -86.817 97.642 2 25 1 6 1 2 4 8 16 32
234 16.247 -10.061 18 14 1 6 1 2 4 8 16 32
235 -57.99 81.81 6 7 1 6 1 2 4 8 16 32
236 -78.809 40.467 5 6 1 6 1 2 4 8 16 32
237 -86.391 -68.107 19 13 1 6 1 2 4 8 16 32
238 13.192 16.269 12 20 1 6 1 2 4 8 16 32
239 -91.165 48.88 21 12 1 6 1 2 4 8 16 32
240 -15.488 -64.646 19 12 1 6 1 2 4 8 16 32
241 -18.252 65.455 8 25 1 6 1 2 4 8 16 32
242 -67.752 1.392 21 4 1 6 1 2 4 8 16 32
243 -85.39 64.069 21 20 1 6 1 2 4 8 16 32
244 -68.14 79.243 25 3 1 6 1 2 4 8 16 32
245 43.244 75.441 1 4 1 6 1 2 4 8 16 32
246 -53.04 73.969 13 23 1 6 1 2 4 8 16 32
247 34.769 -35.124 11 3 1 6 1 2 4 8 16 32
248 80.289 59.159 20 21 1 6 1 2 4 8 16 32
249 -63.871 63.521 13 15 1 6 1 2 4 8 16 32
250 89.372 87.509 4 9 1 6 1 2 4 8 16 32
251 -0.248 96.123 4 17 1 6 1 2 4 8 16 32
252 55.39 -97.293 10 13 1 6 1 2 4 8 16 32
253 -44.258 -60.83 13 9 1 6 1 2 4 8 16 32
254 41.174 -80.199 8 7 1 6 1 2 4 8 16 32
255 -81.241 25.64 11 4 1 6 1 2 4 8 16 32
256 -89.674 7.85 14 4 1 6 1 2 4 8 16 32
257 -91.676 46.272 12 17 1 6 1 2 4 8 16 32
258 -73.38 -65.62 23 18 1 6 1 2 4 8 16 32
259 -25.887 -60.834 9 19 1 6 1 2 4 8 16 32
260 -76.044 -90.242 19 5 1 6 1 2 4 8 16 32
261 65.403 96.59 1 16 1 6 1 2 4 8 16 32
262 -14.491 79.658 9 14 1 6 1 2 4 8 16 32
263 30.821 -11.012 19 13 1 6 1 2 4 8 16 32
264 45.616 56.096 11 8 1 6 1 2 4 8 16 32
265 79.954 -65.261 10 12 1 6 1 2 4 8 16 32
266 -80.909 99.697 6 7 1 6 1 2 4 8 16 32
267 -61.495 56.748 2 18 1 6 1 2 4 8 16 32
268 91.835 32.607 3 8 1 6 1 2 4 8 16 32
269 -52.159 -46.33 16 25 1 6 1 2 4 8 16 32
270 13.637 -77.285 4 7 1 6 1 2 4 8 16 32
271 97.917 71.538 2 6 1 6 1 2 4 8 16 32
272 33.86 -56.973 20 21 1 6 1 2 4 8 16 32
273 -91.274 15.887 12 3 1 6 1 2 4 8 16 32
274 3.389 46.365 4 20 1 6 1 2 4 8 16 32
275 -56.96 87.374 15 14 1 6 1 2 4 8 16 32
276 69.748 5.51 11 12 1 6 1 2 4 8 16 32
277 80.282 -29.594 20 10 1 6 1 2 4 8 16 32
278 22.879 -8.667 4 17 1 6 1 2 4 8 16 32
279 -98.36 -5.213 12 23 1 6 1 2 4 8 16 32
280 -92.319 17.497 4 19 1 6 1 2 4 8 16 32
281 -64.001 -25.659 14 3 1 6 1 2 4 8 16 32
282 5.152 53.556 17 13 1 6 1 2 4 8 16 32
283 24.457 -81.058 9 7 1 6 1 2 4 8 16 32
284 87.985 35.007 10 7 1 6 1 2 4 8 16 32
285 75.092 -28.896 11 10 1 6 1 2 4 8 16 32
286 -49.666 -43.556 9 19 1 6 1 2 4 8 16 32
287 -31.422 84.764 23 2 1 6 1 2 4 8 16 32
288 20.193 -14.287 25 1 1 6 1 2 4 8 16 32
289 -89.661 85.251 25 19 1 6 1 2 4 8 16 32
290 93.359 17.904 16 19 1 6 1 2 4 8 16 32
291 57.392 39.208 23 13 1 6 1 2 4 8 16 32
292 -68.251 -9.958 7 10 1 6 1 2 4 8 16 32
293 -71.557 -36.715 5 17 1 6 1 2 4 8 16 32
294 -14.524 89.167 18 10 1 6 1 2 4 8 16 32
295 8.039 53.054 11 18 1 6 1 2 4 8 16 32
296 60.93 37.364 10 3 1 6 1 2 4 8 16 32
297 -98.054 -62.054 13 12 1 6 1 2 4 8 16 32
298 -18.945 -64.643 6 7 1 6 1 2 4 8 16 32
299 -54.479 -87.044 7 9 1 6 1 2 4 8 16 32
300 -26.151 -94.12 18 20 1 6 1 2 4 8 16 32
301 41.159 -70.376 1 20 1 6 1 2 4 8 16 32
302 -8.113 45.164 12 21 1 6 1 2 4 8 16 32
303 5.719 -69.297 6 15 1 6 1 2 4 8 16 32
304 16.737 13.999 4 7 1 6 1 2 4 8 16 32
305 -68.07 -37.383 23 22 1 6 1 2 4 8 16 32
306 90.854 -12.755 7 19 1 6 1 2 4 8 16 32
307 82.599 56.945 9 16 1 6 1 2 4 8 16 32
308 -73.608 53.311 22 21 1 6 1 2 4 8 16 32
309 86.904 51.033 3 4 1 6 1 2 4 8 16 32
310 -38.314 -2.919 3 20 1 6 1 2 4 8 16 32
311 -31.951 90.2 15 3 1 6 1 2 4 8 16 32
312 -66.08 92.757 16 24 1 6 1 2 4 8 16 32
313 -61 -76.207 24 2 1 6 1 2 4 8 16 32
314 -70.4 51.207 25 13 1 6 1 2 4 8 16 32
315 -45.384 -37.226 16 25 1 6 1 2 4 8 16 32
316 -29.071 -16.73 9 20 1 6 1 2 4 8 16 32
317 0.891 14.371 1 17 1 6 1 2 4 8 16 32
318 -50.982 -0.558 4 23 1 6 1 2 4 8 16 32
319 -86.846 -40.739 14 5 1 6 1 2 4 8 16 32
320 -56.905 -90.4 15 1 1 6 1 2 4 8 16 32
321 -98.436 60.291 5 4 1 6 1 2 4 8 16 32
322 16.876 -25.749 7 9 1 6 1 2 4 8 16 32
323 -76.032 -6.08 1 7 1 6 1 2 4 8 16 32
324 58.256 70.29 1 13 1 6 1 2 4 8 16 32
325 -43.192 94.758 4 2 1 6 1 2 4 8 16 32
326 -80.935 -67.892 25 9 1 6 1 2 4 8 16 32
327 48.066 -82.159 2 6 1 6 1 2 4 8 16 32
328 23.805 22.964 25 4 1 6 1 2 4 8 16 32
329 -25.54 84.101 20 4 1 6 1 2 4 8 16 32
330 90.076 23.883 5 23 1 6 1 2 4 8 16 32
331 -49.712 76.162 15 25 1 6 1 2 4 8 16 32
332 -74.976 16.511 3 24 1 6 1 2 4 8 16 32
333 9.806 -64.46 14 20 1 6 1 2 4 8 16 32
334 -39.537 17.082 6 18 1 6 1 2 4 8 16 32
335 -0.326 21.885 20 24 1 6 1 2 4 8 16 32
336 55.316 -50.975 6 8 1 6 1 2 4 8 16 32
337 54.429 -37.561 15 18 1 6 1 2 4 8 16 32
338 -73.911 29.639 17 2 1 6 1 2 4 8 16 32
339 35.748 -82.187 15 24 1 6 1 2 4 8 16 32
340 58.624 36.732 1 9 1 6 1 2 4 8 16 32
341 -97.904 -67.77 3 2 1 6 1 2 4 8 16 32
342 82.049 11.889 2 8 1 6 1 2 4 8 16 32
343 27.552 -71.304 22 24 1 6 1 2 4 8 16 32
344 -68.397 26.445 24 10 1 6 1 2 4 8 16 32
345 -1.506 26.509 9 5 1 6 1 2 4 8 16 32
346 18.466 -52.826 5 4 1 6 1 2 4 8 16 32
347 -17.836 83.8 11 20 1 6 1 2 4 8 16 32
348 78.547 30.537 15 8 1 6 1 2 4 8 16 32
349 -81.505 79.09 6 24 1 6 1 2 4 8 16 32
350 -81.554 74.666 17 18 1 6 1 2 4 8 16 32
351 -47.398 -83.47 3 16 1 6 1 2 4 8 16 32
352 -2.507 -72.084 22 20 1 6 1 2 4 8 16 32
353 -16.36 99.113 19 15 1 6 1 2 4 8 16 32
354 -49.633 -42.145 6 16 1 6 1 2 4 8 16 32
355 77.193 -90.581 25 13 1 6 1 2 4 8 16 32
356 -37.834 -84.422 7 2 1 6 1 2 4 8 16 32
357 74.247 -48.119 18 4 1 6 1 2 4 8 16 32
358 16.36 -18.325 13 14 1 6 1 2 4 8 16 32
359 73.656 -39.008 17 19 1 6 1 2 4 8 16 32
360 -21.892 84.581 19 7 1 6 1 2 4 8 16 32
361 -11.789 -18.976 22 12 1 6 1 2 4 8 16 32
362 -16.962 43.168 22 20 1 6 1 2 4 8 16 32
363 -83.289 -56.239 2 7 1 6 1 2 4 8 16 32
364 67.037 4.975 3 9 1 6 1 2 4 8 16 32
365 -29.358 -85.877 5 11 1 6 1 2 4 8 16 32
366 -57.893 -88.917 20 25 1 6 1 2 4 8 16 32
367 -88.691 4.523 16 9 1 6 1 2 4 8 16 32
368 49.394 1.532 9 11 1 6 1 2 4 8 16 32
369 1.442 -23.599 20 7 1 6 1 2 4 8 16 32
370 19.846 -31.792 2 9 1 6 1 2 4 8 16 32
371 -81.837 67.918 9 8 1 6 1 2 4 8 16 32
372 57.841 10.655 6 4 1 6 1 2 4 8 16 32
373 -61.91 6.282 21 18 1 6 1 2 4 8 16 32
374 0.556 -36.577 7 23 1 6 1 2 4 8 16 32
375 -61.624 38.528 25 1 1 6 1 2 4 8 16 32
376 -38.309 -90.507 6 16 1 6 1 2 4 8 16 32
377 -98.35 -91.793 14 2 1 6 1 2 4 8 16 32
378 17.601 -11.336 3 9 1 6 1 2 4 8 16 32
379 87.995 8.526 13 22 1 6 1 2 4 8 16 32
380 -82.823 -57.76 18 20 1 6 1 2 4 8 16 32
381 43.5 -44.233 23 9 1 6 1 2 4 8 16 32
382 -85.31 -22.107 11 20 1 6 1 2 4 8 16 32
383 -99.301 -33.313 18 6 1 6 1 2 4 8 16 32
384 -9.558 -4.78 5 23 1 6 1 2 4 8 16 32
385 -3.536 52.261 11 6 1 6 1 2 4 8 16 32
386 -31.742 61.593 24 8 1 6 1 2 4 8 16 32
387 -69.25 84.881 14 13 1 6 1 2 4 8 16 32
388 2.1 -20.161 2 18 1 6 1 2 4 8 16 32
389 97.266 14.248 13 4 1 6 1 2 4 8 16 32
390 -13.831 -90.172 12 14 1 6 1 2 4 8 16 32
391 60.366 -70.903 17 16 1 6 1 2 4 8 16 32
392 51.401 -9.408 22 13 1 6 1 2 4 8 16 32
393 83.059 63.785 12 15 1 6 1 2 4 8 16 32
394 50.318 -50.419 20 2 1 6 1 2 4 8 16 32
395 67.298 73.711 7 11 1 6 1 2 4 8 16 32
396 29.476 -18.334 15 16 1 6 1 2 4 8 16 32
397 -56.177 48.002 2 20 1 6 1 2 4 8 16 32
398 -73.613 -23.673 7 12 1 6 1 2 4 8 16 32
399 49.143 -59.275 13 2 1 6 1 2 4 8 16 32
400 37.508 99.189 17 4 1 6 1 2 4 8 16 32
401 55.565 89.13 13 1 1 6 1 2 4 8 16 32
402 -37.53 52.127 19 3 1 6 1 2 4 8 16 32
403 -41.782 80.566 8 12 1 6 1 2 4 8 16 32
404 -67.887 -47.081 21 22 1 6 1 2 4 8 16 32
405 -71.875 64.92 17 24 1 6 1 2 4 8 16 32
406 30.537 16.541 7 9 1 6 1 2 4 8 16 32
407 5.429 -36.924 17 6 1 6 1 2 4 8 16 32
408 -19.466 -94.773 20 7 1 6 1 2 4 8 16 32
409 94.995 37.283 22 11 1 6 1 2 4 8 16 32
410 -59.284 -51.669 14 21 1 6 1 2 4 8 16 32
411 83.677 -37.87 15 7 1 6 1 2 4 8 16 32
412 -31.282 76.958 6 16 1 6 1 2 4 8 16 32
413 -21.775 -62.707 14 23 1 6 1 2 4 8 16 32
414 -38.303 79.185 14 15 1 6 1 2 4 8 16 32
415 -65.405 -2.976 16 18 1 6 1 2 4 8 16 32
416 -42.148 -93.52 23 6 1 6 1 2 4 8 16 32
417 -45.922 64.594 19 17 1 6 1 2 4 8 16 32
418 20.708 52.909 24 19 1 6 1 2 4 8 16 32
419 39.221 -92.221 12 16 1 6 1 2 4 8 16 32
420 -16.407 -25.092 19 19 1 6 1 2 4 8 16 32
421 -88.039 99.59 25 8 1 6 1 2 4 8 16 32
422 44.941 -83.928 13 5 1 6 1 2 4 8 16 32
423 11.889 29.626 12 13 1 6 1 2 4 8 16 32
424 -87.778 -31.8 25 1 1 6 1 2 4 8 16 32
425 -23.326 -49.252 7 15 1 6 1 2 4 8 16 32
426 44.533 15.419 25 10 1 6 1 2 4 8 16 32
427 77.683 56.199 5 21 1 6 1 2 4 8 16 32
428 -99.186 69.319 8 3 1 6 1 2 4 8 16 32
429 70.024 -10.589 9 15 1 6 1 2 4 8 16 32
430 48.44 39.212 8 21 1 6 1 2 4 8 16 32
431 -10.537 -8.642 2 7 1 6 1 2 4 8 16 32
432 5.848 4.905 1 5 1 6 1 2 4 8 16 32
433 -82.654 41.072 17 22 1 6 1 2 4 8 16 32
434 -27.619 -79.653 9 19 1 6 1 2 4 8 16 32
435 50.121 54.521 25 22 1 6 1 2 4 8 16 32
436 70.688 27.688 14 18 1 6 1 2 4 8 16 32
437 -37.749 -28.9 3 7 1 6 1 2 4 8 16 32
438 68.157 66.833 17 10 1 6 1 2 4 8 16 32
439 -77.422 71.717 22 8 1 6 1 2 4 8 16 32
440 71.045 71.232 25 7 1 6 1 2 4 8 16 32
441 -19.769 39.49 25 3 1 6 1 2 4 8 16 32
442 -92.568 -64.347 11 12 1 6 1 2 4 8 16 32
443 22.94 -97.178 4 6 1 6 1 2 4 8 16 32
444 -96.173 8.074 12 15 1 6 1 2 4 8 16 32
445 17.682 -69.748 17 14 1 6 1 2 4 8 16 32
446 -57.768 39.715 13 3 1 6 1 2 4 8 16 32
447 -43.472 -70.011 10 9 1 6 1 2 4 8 16 32
448 76.019 -94.839 16 17 1 6 1 2 4 8 16 32
449 -25.947 -12.209 6 21 1 6 1 2 4 8 16 32
450 -63.408 -32.63 5 11 1 6 1 2 4 8 16 32
451 -27.557 30.459 8 25 1 6 1 2 4 8 16 32
452 82.636 42.331 6 2 1 6 1 2 4 8 16 32
453 -99.622 -10.417 18 21 1 6 1 2 4 8 16 32
454 -96.408 -90.976 17 5 1 6 1 2 4 8 16 32
455 75.591 33.895 17 17 1 6 1 2 4 8 16 32
456 -97.661 -68.98 20 5 1 6 1 2 4 8 16 32
457 78.338 95.216 2 12 1 6 1 2 4 8 16 32
458 64.916 75.631 7 6 1 6 1 2 4 8 16 32
459 -97.571 40.149 11 9 1 6 1 2 4 8 16 32
460 -41.943 75.364 11 11 1 6 1 2 4 8 16 32
461 -93.925 11.645 24 20 1 6 1 2 4 8 16 32
462 56.102 -95.681 21 21 1 6 1 2 4 8 16 32
463 16.477 -25.814 23 2 1 6 1 2 4 8 16 32
464 -42.382 76.447 13 12 1 6 1 2 4 8 16 32
465 -44.745 78.318 13 21 1 6 1 2 4 8 16 32
466 -70.17 -50.321 21 6 1 6 1 2 4 8 16 32
467 43.628 6.119 21 24 1 6 1 2 4 8 16 32
468 55.957 -58.153 7 24 1 6 1 2 4 8 16 32
469 20.394 34.159 1 18 1 6 1 2 4 8 16 32
470 -80.586 -94.243 21 22 1 6 1 2 4 8 16 32
471 -72.56 99.292 23 12 1 6 1 2 4 8 16 32
472 88.007 15.369 15 15 1 6 1 2 4 8 16 32
473 -48.437 -54.38 25 21 1 6 1 2 4 8 16 32
474 -99.368 18.267 5 11 1 6 1 2 4 8 16 32
475 28.532 -88.483 20 17 1 6 1 2 4 8 16 32
476 98.434 -83.286 14 15 1 6 1 2 4 8 16 32
477 -92.193 -55.04 3 13 1 6 1 2 4 8 16 32
478 -1.879 36.763 3 12 1 6 1 2 4 8 16 32
479 68.398 33.017 2 23 1 6 1 2 4 8 16 32
480 -59.529 76.935 2 20 1 6 1 2 4 8 16 32
481 59.374 43.436 8 1 1 6 1 2 4 8 16 32
482 -21.933 27.263 7 20 1 6 1 2 4 8 16 32
483 -76.104 59.656 9 1 1 6 1 2 4 8 16 32
484 -80.412 18.087 6 15 1 6 1 2 4 8 16 32
485 30.871 -61.571 8 19 1 6 1 2 4 8 16 32
486 88.587 96.736 20 8 1 6 1 2 4 8 16 32
487 7.128 81.991 18 23 1 6 1 2 4 8 16 32
488 -90.995 -67.043 8 13 1 6 1 2 4 8 16 32
489 -4.581 57.715 16 18 1 6 1 2 4 8 16 32
490 -89.568 97.849 12 22 1 6 1 2 4 8 16 32
491 -27.695 23.315 14 9 1 6 1 2 4 8 16 32
492 23.934 8.48 3 18 1 6 1 2 4 8 16 32
493 4.498 92.682 7 14 1 6 1 2 4 8 16 32
494 90.895 44.75 15 1 1 6 1 2 4 8 16 32
495 53.032 -15.794 21 25 1 6 1 2 4 8 16 32
496 -94.632 -37.316 24 25 1 6 1 2 4 8 16 32
497 83.173 0.908 24 17 1 6 1 2 4 8 16 32
498 -53.805 -22.039 8 16 1 6 1 2 4 8 16 32
499 -69.111 28.013 11 24 1 6 1 2 4 8 16 32
500 -25.602 -82.965 2 14 1 6 1 2 4 8 16 32
501 81.065 92.421 1 16 1 6 1 2 4 8 16 32
502 -60.961 57.279 17 25 1 6 1 2 4 8 16 32
503 -7.482 97.751 19 25 1 6 1 2 4 8 16 32
504 -13.912 -57.282 6 4 1 6 1 2 4 8 16 32
505 -34.426 -48.883 14 24 1 6 1 2 4 8 16 32
506 52.381 47.645 17 6 1 6 1 2 4 8 16 32
507 -38.001 3.211 1 25 1 6 1 2 4 8 16 32
508 -83.29 -97.839 10 5 1 6 1 2 4 8 16 32
509 76.956 -87.147 23 8 1 6 1 2 4 8 16 32
510 71.79 -23.471 17 4 1 6 1 2 4 8 16 32
511 -18.26 67.64 8 4 1 6 1 2 4 8 16 32
512 -45.884 82.377 19 12 1 6 1 2 4 8 16 32
513 45.182 -13.815 23 22 1 6 1 2 4 8 16 32
514 -16.579 -91.529 20 21 1 6 1 2 4 8 16 32
515 79.309 -48.181 3 11 1 6 1 2 4 8 16 32
516 -22.648 -80.734 16 8 1 6 1 2 4 8 16 32
517 48.55 -77.742 7 9 1 6 1 2 4 8 16 32
518 66.838 44.888 3 5 1 6 1 2 4 8 16 32
519 -84.768 -79.497 1 6 1 6 1 2 4 8 16 32
520 -52.882 42.124 17 8 1 6 1 2 4 8 16 32
521 91.457 8.581 14 17 1 6 1 2 4 8 16 32
522 -70.771 44.683 25 25 1 6 1 2 4 8 16 32
523 -38.296 70.884 5 3 1 6 1 2 4 8 16 32
524 78.806 77.5 8 14 1 6 1 2 4 8 16 32
525 -17.485 -94.26 1 4 1 6 1 2 4 8 16 32
526 3.023 31.798 21 16 1 6 1 2 4 8 16 32
527 16.812 -55.327 4 12 1 6 1 2 4 8 16 32
528 25.24 -84.17 13 11 1 6 1 2 4 8 16 32
529 -82.696 -57.59 5 22 1 6 1 2 4 8 16 32
530 -27.46 61.856 25 9 1 6 1 2 4 8 16 32
531 -86.587 80.24 11 4 1 6 1 2 4 8 16 32
532 -34.357 20.982 5 16 1 6 1 2 4 8 16 32
533 95.827 -61.133 23 8 1 6 1 2 4 8 16 32
534 -85.297 79.473 14 11 1 6 1 2 4 8 16 32
535 13.355 -27.539 8 2 1 6 1 2 4 8 16 32
536 -96.872 35.735 12 18 1 6 1 2 4 8 16 32
537 -62.539 45.069 10 21 1 6 1 2 4 8 16 32
538 92.63 -37.475 5 8 1 6 1 2 4 8 16 32
539 -69.398 32.868 6 10 1 6 1 2 4 8 16 32
540 43.035 78.401 5 4 1 6 1 2 4 8 16 32
541 -78.774 -97.845 1 24 1 6 1 2 4 8 16 32
542 63.122 -28.211 2 25 1 6 1 2 4 8 16 32
543 -50.127 -7.132 7 2 1 6 1 2 4 8 16 32
544 67.502 -4.767 14 10 1 6 1 2 4 8 16 32
545 87.95 68.081 6 20 1 6 1 2 4 8 16 32
546 19.967 -6.369 4 22 1 6 1 2 4 8 16 32
547 77.513 37.872 10 11 1 6 1 2 4 8 16 32
548 -30.657 -37.889 21 1 1 6 1 2 4 8 16 32
549 -32.922 -57.05 6 18 1 6 1 2 4 8 16 32
550 -88.654 67.289 5 1 1 6 1 2 4 8 16 32
551 -70.256 81.637 13 18 1 6 1 2 4 8 16 32
552 78.346 73.703 9 8 1 6 1 2 4 8 16 32
553 -84.333 -80.772 1 21 1 6 1 2 4 8 16 32
554 -36.57 -23.585 7 7 1 6 1 2 4 8 16 32
555 -3.343 96.136 18 25 1 6 1 2 4 8 16 32
556 -27.868 27.847 24 5 1 6 1 2 4 8 16 32
557 22.987 11.002 18 22 1 6 1 2 4 8 16 32
558 -40.126 83.374 12 24 1 6 1 2 4 8 16 32
559 93.385 -75.927 22 13 1 6 1 2 4 8 16 32
560 -70.184 -69.884 3 11 1 6 1 2 4 8 16 32
561 -76.195 78.467 4 7 1 6 1 2 4 8 16 32
562 -70.312 -96.751 13 5 1 6 1 2 4 8 16 32
563 -17.638 95.431 20 10 1 6 1 2 4 8 16 32
564 -89.402 6.426 16 23 1 6 1 2 4 8 16 32
565 92.973 27.36 22 16 1 6 1 2 4 8 16 32
566 53.399 -12.485 9 7 1 6 1 2 4 8 16 32
567 -97.435 -41.61 20 5 1 6 1 2 4 8 16 32
568 -49.654 -55.233 22 7 1 6 1 2 4 8 16 32
569 -11.199 -83.05 6 9 1 6 1 2 4 8 16 32
570 -82.244 -83.4 18 10 1 6 1 2 4 8 16 32
571 -26.095 57.655 1 21 1 6 1 2 4 8 16 32
572 -49.244 93.869 25 20 1 6 1 2 4 8 16 32
573 -54.417 55.83 15 20 1 6 1 2 4 8 16 32
574 53.013 -63.241 20 14 1 6 1 2 4 8 16 32
575 51.548 90.756 12 13 1 6 1 2 4 8 16 32
576 -83.565 84.086 17 4 1 6 1 2 4 8 16 32
577 -80.13 3.963 15 19 1 6 1 2 4 8 16 32
578 -91.688 14.637 25 15 1 6 1 2 4 8 16 32
579 -1.964 -4.737 2 19 1 6 1 2 4 8 16 32
580 -20.578 -7.082 2 18 1 6 1 2 4 8 16 32
581 -55.77 18.579 21 4 1 6 1 2 4 8 16 32
582 73.503 91.074 10 6 1 6 1 2 4 8 16 32
583 72.24 56.12 19 22 1 6 1 2 4 8 16 32
584 -45.032 42.513 15 24 1 6 1 2 4 8 16 32
585 30.536 -85.699 23 4 1 6 1 2 4 8 16 32
586 65.113 87.452 1 9 1 6 1 2 4 8 16 32
587 26.49 -78.842 14 23 1 6 1 2 4 8 16 32
588 -22.337 42.121 20 20 1 6 1 2 4 8 16 32
589 84.538 -60.209 6 20 1 6 1 2 4 8 16 32
590 50.983 93.897 11 21 1 6 1 2 4 8 16 32
591 67.771 -41.162 12 24 1 6 1 2 4 8 16 32
592 -26.761 -11.111 1 10 1 6 1 2 4 8 16 32
593 72.466 55.413 15 15 1 6 1 2 4 8 16 32
594 -10.946 -81.136 8 2 1 6 1 2 4 8 16 32
595 88.799 4.174 18 16 1 6 1 2 4 8 16 32
596 95.111 84.526 23 24 1 6 1 2 4 8 16 32
597 -15.398 70.27 17 3 1 6 1 2 4 8 16 32
598 34.859 3.087 4 4 1 6 1 2 4 8 16 32
599 -72.079 -63.477 5 8 1 6 1 2 4 8 16 32
600 -7.708 63.376 4 13 1 6 1 2 4 8 16 32
601 38.759 -76.813 12 23 1 6 1 2 4 8 16 32
602 -7.31 -17.889 7 15 1 6 1 2 4 8 16 32
603 46.213 58.74 19 12 1 6 1 2 4 8 16 32
604 15.571 -24.527 18 9 1 6 1 2 4 8 16 32
605 89.007 15.6 24 21 1 6 1 2 4 8 16 32
606 8.629 6.921 1 25 1 6 1 2 4 8 16 32
607 -87.182 89.72 3 7 1 6 1 2 4 8 16 32
608 -60.518 48.371 17 13 1 6 1 2 4 8 16 32
609 -87.307 95.3 10 17 1 6 1 2 4 8 16 32
610 44.515 -15.86 15 22 1 6 1 2 4 8 16 32
611 47.418 60.176 17 21 1 6 1 2 4 8 16 32
612 40.465 -28.865 10 17 1 6 1 2 4 8 16 32
613 -25.052 57.65 12 10 1 6 1 2 4 8 16 32
614 -19.842 -88.066 16 21 1 6 1 2 4 8 16 32
615 8.498 21.597 10 3 1 6 1 2 4 8 16 32
616 -4.075 -57.002 17 2 1 6 1 2 4 8 16 32
617 -98.297 -26.045 5 11 1 6 1 2 4 8 16 32
618 -27.286 12.747 15 14 1 6 1 2 4 8 16 32
619 -30.609 -58.8 4 6 1 6 1 2 4 8 16 32
620 8.692 -91.843 23 3 1 6 1 2 4 8 16 32
621 65.178 -5.969 5 13 1 6 1 2 4 8 16 32
622 54.953 -96.962 19 6 1 6 1 2 4 8 16 32
623 -97.103 58.234 11 17 1 6 1 2 4 8 16 32
624 97.477 81.35 13 23 1 6 1 2 4 8 16 32
625 99.274 -85.273 11 10 1 6 1 2 4 8 16 32
626 -92.125 -39.229 15 15 1 6 1 2 4 8 16 32
627 -80.296 99.275 22 18 1 6 1 2 4 8 16 32
628 -4.521 89.601 24 25 1 6 1 2 4 8 16 32
629 96.536 -32.462 15 8 1 6 1 2 4 8 16 32
630 89.958 60.167 24 10 1 6 1 2 4 8 16 32
631 -21.204 34.464 15 18 1 6 1 2 4 8 16 32
632 -92.189 42.041 3 15 1 6 1 2 4 8 16 32
633 26.647 -63.615 3 24 1 6 1 2 4 8 16 32
634 40.766 99.974 8 7 1 6 1 2 4 8 16 32
635 4.379 -64.345 14 23 1 6 1 2 4 8 16 32
636 63.061 -96.523 2 7 1 6 1 2 4 8 16 32
637 98.325 25.41 11 11 1 6 1 2 4 8 16 32
638 -56.628 29.761 24 20 1 6 1 2 4 8 16 32
639 56.193 57.227 11 7 1 6 1 2 4 8 16 32
640 45.472 -99.471 8 12 1 6 1 2 4 8 16 32
641 -60.104 -51.658 3 6 1 6 1 2 4 8 16 32
642 -80.829 -63.209 20 16 1 6 1 2 4 8 16 32
643 40.768 50.552 19 10 1 6 1 2 4 8 16 32
644 -98.795 -32.312 19 13 1 6 1 2 4 8 16 32
645 7.254 68.995 15 13 1 6 1 2 4 8 16 32
646 18.751 60.037 6 19 1 6 1 2 4 8 16 32
647 -86.017 49.064 11 4 1 6 1 2 4 8 16 32
648 23.47 90.202 10 5 1 6 1 2 4 8 16 32
649 4.737 -5.327 13 9 1 6 1 2 4 8 16 32
650 -61.012 -46.769 15 1 1 6 1 2 4 8 16 32
651 52.708 44.977 13 23 1 6 1 2 4 8 16 32
652 -94.753 93.277 17 9 1 6 1 2 4 8 16 32
653 -83.249 49.102 24 18 1 6 1 2 4 8 16 32
654 -17.236 75.374 9 8 1 6 1 2 4 8 16 32
655 -36.693 7.705 1 8 1 6 1 2 4 8 16 32
656 -46.207 15.097 25 13 1 6 1 2 4 8 16 32
657 -6.468 -91.945 11 18 1 6 1 2 4 8 16 32
658 -51.296 -15.225 14 8 1 6 1 2 4 8 16 32
659 -6.889 -49.82 11 6 1 6 1 2 4 8 16 32
660 -89.393 -96.668 24 2 1 6 1 2 4 8 16 32
661 19.356 -7.406 23 19 1 6 1 2 4 8 16 32
662 -2.372 24.513 18 10 1 6 1 2 4 8 16 32
663 -11.309 -9.908 6 22 1 6 1 2 4 8 16 32
664 -74.272 1.343 15 12 1 6 1 2 4 8 16 32
665 -21.771 -28.745 8 12 1 6 1 2 4 8 16 32
666 -73.34 94.352 21 5 1 6 1 2 4 8 16 32
667 95.052 0.394 23 12 1 6 1 2 4 8 16 32
668 62.608 -60.888 1 19 1 6 1 2 4 8 16 32
669 -51.504 99.99 9 11 1 6 1 2 4 8 16 32
670 -44.223 93.128 4 9 1 6 1 2 4 8 16 32
671 47.821 -11.473 1 23 1 6 1 2 4 8 16 32
672 -64.714 29.571 19 24 1 6 1 2 4 8 16 32
673 -23.929 3.157 2 2 1 6 1 2 4 8 16 32
674 -62.563 -45.039 1 16 1 6 1 2 4 8 16 32
675 46.004 -66.752 1 3 1 6 1 2 4 8 16 32
676 84.428 38.377 19 5 1 6 1 2 4 8 16 32
677 12.02 62.104 24 3 1 6 1 2 4 8 16 32
678 -50.426 -50.313 17 12 1 6 1 2 4 8 16 32
679 -28.652 -75.214 9 13 1 6 1 2 4 8 16 32
680 -72.342 -83.697 8 16 1 6 1 2 4 8 16 32
681 -83.853 61.193 15 17 1 6 1 2 4 8 16 32
682 -11.443 77.977 3 20 1 6 1 2 4 8 16 32
683 -92.898 37.233 2 17 1 6 1 2 4 8 16 32
684 -38.229 -35.867 6 7 1 6 1 2 4 8 16 32
685 -36.878 -96.437 1 24 1 6 1 2 4 8 16 32
686 -15.449 88.184 14 19 1 6 1 2 4 8 16 32
687 -48.313 75.371 21 18 1 6 1 2 4 8 16 32
688 0.269 -25.621 10 12 1 6 1 2 4 8 16 32
689 -25.088 71.701 12 19 1 6 1 2 4 8 16 32
690 11.896 -83.981 6 13 1 6 1 2 4 8 16 32
691 25.915 64.022 16 9 1 6 1 2 4 8 16 32
692 -33.555 -28.986 2 12 1 6 1 2 4 8 16 32
693 33.041 83.359 22 22 1 6 1 2 4 8 16 32
694 -59.485 -88.316 10 3 1 6 1 2 4 8 16 32
695 90.285 -92.028 13 19 1 6 1 2 4 8 16 32
696 43.353 81.992 18 23 1 6 1 2 4 8 16 32
697 52.495 -92.793 7 19 1 6 1 2 4 8 16 32
698 19.004 57.367 8 13 1 6 1 2 4 8 16 32
699 -53.581 69.173 15 1 1 6 1 2 4 8 16 32
700 -88.217 -96.166 22 21 1 6 1 2 4 8 16 32
701 45.421 86.728 2 24 1 6 1 2 4 8 16 32
702 87.768 37.918 11 17 1 6 1 2 4 8 16 32
703 -23.6 -90.025 15 1 1 6 1 2 4 8 16 32
704 -72.567 52.39 18 17 1 6 1 2 4 8 16 32
705 -27.904 88.116 10 13 1 6 1 2 4 8 16 32
706 93.39 -99.869 4 2 1 6 1 2 4 8 16 32
707 -49.306 -8.166 17 16 1 6 1 2 4 8 16 32
708 -47.948 58.213 18 18 1 6 1 2 4 8 16 32
709 -99.678 86.905 4 25 1 6 1 2 4 8 16 32
710 81.572 -36.695 7 16 1 6 1 2 4 8 16 32
711 54.545 23.866 11 15 1 6 1 2 4 8 16 32
712 -94.315 89.361 16 7 1 6 1 2 4 8 16 32
713 94.715 1.41 10 7 1 6 1 2 4 8 16 32
714 -67.271 -38.55 6 22 1 6 1 2 4 8 16 32
715 88.41 -76.07 5 13 1 6 1 2 4 8 16 32
716 62.192 -73.395 2 11 1 6 1 2 4 8 16 32
717 -36.396 62.007 25 2 1 6 1 2 4 8 16 32
718 20.274 -61.074 3 3 1 6 1 2 4 8 16 32
719 95.206 -26.909 13 19 1 6 1 2 4 8 16 32
720 12.644 70.267 12 22 1 6 1 2 4 8 16 32
721 -18.888 72.497 11 18 1 6 1 2 4 8 16 32
722 -84.995 -79.233 14 8 1 6 1 2 4 8 16 32
723 -48.966 -88.937 4 5 1 6 1 2 4 8 16 32
724 -16.023 66.94 24 9 1 6 1 2 4 8 16 32
725 -24.162 47.72 4 21 1 6 1 2 4 8 16 32
726 -91.917 76.165 6 7 1 6 1 2 4 8 16 32
727 -27.548 -65.902 3 3 1 6 1 2 4 8 16 32
728 53.39 -62.335 25 19 1 6 1 2 4 8 16 32
729 34.508 76.878 25 21 1 6 1 2 4 8 16 32
730 -38.221 -80.407 8 10 1 6 1 2 4 8 16 32
731 95.983 18.751 15 21 1 6 1 2 4 8 16 32
732 -35.507 -51.476 22 4 1 6 1 2 4 8 16 32
733 -48.819 35.477 8 18 1 6 1 2 4 8 16 32
734 -60.245 -68.289 15 17 1 6 1 2 4 8 16 32
735 -36.753 -70.981 20 10 1 6 1 2 4 8 16 32
736 -85.12 -89.277 7 16 1 6 1 2 4 8 16 32
737 -76.728 -3.117 17 3 1 6 1 2 4 8 16 32
738 27.865 -30.569 18 17 1 6 1 2 4 8 16 32
739 -28.618 -31.981 20 20 1 6 1 2 4 8 16 32
740 81.219 18.097 9 14 1 6 1 2 4 8 16 32
741 -13.241 -85.219 2 17 1 6 1 2 4 8 16 32
742 -41.644 -96.769 3 13 1 6 1 2 4 8 16 32
743 51.088 -29.67 1 7 1 6 1 2 4 8 16 32
744 -33.43 -93.188 22 8 1 6 1 2 4 8 16 32
745 9.018 90.888 11 14 1 6 1 2 4 8 16 32
746 -71.808 56.635 17 2 1 6 1 2 4 8 16 32
747 84.16 -31.976 2 10 1 6 1 2 4 8 16 32
748 -44.312 -9.621 16 25 1 6 1 2 4 8 16 32
749 -2.506 -75.704 8 12 1 6 1 2 4 8 16 32
750 40.647 -93.25 3 14 1 6 1 2 4 8 16 32
751 -89.538 61.172 24 9 1 6 1 2 4 8 16 32
752 -86.77 47.273 5 24 1 6 1 2 4 8 16 32
753 -10.815 -39.277 9 21 1 6 1 2 4 8 16 32
754 -41.306 78.926 7 13 1 6 1 2 4 8 16 32
755 43.246 -60.635 8 25 1 6 1 2 4 8 16 32
756 39.661 -54.372 15 20 1 6 1 2 4 8 16 32
757 21.123 -79.729 25 6 1 6 1 2 4 8 16 32
758 -33.062 -37.964 3 25 1 6 1 2 4 8 16 32
759 85.331 -23.661 4 13 1 6 1 2 4 8 16 32
760 -8.265 89.701 4 17 1 6 1 2 4 8 16 32
761 -32.68 -53.706 8 4 1 6 1 2 4 8 16 32
762 -8.922 90.571 4 19 1 6 1 2 4 8 16 32
763 7.112 72.266 13 4 1 6 1 2 4 8 16 32
764 37.634 -82.97 3 16 1 6 1 2 4 8 16 32
765 55.796 -25.062 23 21 1 6 1 2 4 8 16 32
766 -84.637 18.508 16 2 1 6 1 2 4 8 16 32
767 -81.025 -77.542 23 11 1 6 1 2 4 8 16 32
768 48.153 60.186 25 11 1 6 1 2 4 8 16 32
769 -56.71 -65.612 16 2 1 6 1 2 4 8 16 32
770 -46.037 67.393 20 2 1 6 1 2 4 8 16 32
771 -72.361 -70.591 23 20 1 6 1 2 4 8 16 32
772 -90.585 -7.05 1 24 1 6 1 2 4 8 16 32
773 -73.162 79.959 17 9 1 6 1 2 4 8 16 32
774 67.217 85.366 14 21 1 6 1 2 4 8 16 32
775 -68.613 -68.349 12 19 1 6 1 2 4 8 16 32
776 -99.252 -66.352 19 24 1 6 1 2 4 8 16 32
777 -84.413 -62.967 15 24 1 6 1 2 4 8 16 32
778 -54.542 -82.485 25 22 1 6 1 2 4 8 16 32
779 -68.312 97.969 16 10 1 6 1 2 4 8 16 32
780 27.56 -32.342 11 18 1 6 1 2 4 8 16 32
781 -63.012 -96.59 19 6 1 6 1 2 4 8 16 32
782 98.758 -42.422 5 15 1 6 1 2 4 8 16 32
783 -14.48 -38.43 14 13 1 6 1 2 4 8 16 32
784 -87.251 68.357 4 1 1 6 1 2 4 8 16 32
785 -27.155 -39.51 5 4 1 6 1 2 4 8 16 32
786 93.292 -59.465 12 11 1 6 1 2 4 8 16 32
787 62.407 -3.828 15 1 1 6 1 2 4 8 16 32
788 -33.323 67.417 10 2 1 6 1 2 4 8 16 32
789 77.743 34.381 9 4 1 6 1 2 4 8 16 32
790 -1.776 82.245 15 18 1 6 1 2 4 8 16 32
791 -24.851 68.574 13 15 1 6 1 2 4 8 16 32
792 92.78 -59.985 4 25 1 6 1 2 4 8 16 32
793 80.947 -44.933 16 13 1 6 1 2 4 8 16 32
794 -35.353 38.549 15 23 1 6 1 2 4 8 16 32
795 68.909 24.96 15 3 1 6 1 2 4 8 16 32
796 21.371 -9.165 10 15 1 6 1 2 4 8 16 32
797 86.867 -93.257 2 24 1 6 1 2 4 8 16 32
798 -12.914 -78.012 11 10 1 6 1 2 4 8 16 32
799 -77.963 -60.184 21 12 1 6 1 2 4 8 16 32
800 -77.772 47.538 21 1 1 6 1 2 4 8 16 32
801 -70.394 -55.15 6 3 1 6 1 2 4 8 16 32
802 -98.062 -45.386 23 20 1 6 1 2 4 8 16 32
803 48.307 -91.44 11 20 1 6 1 2 4 8 16 32
804 -40.905 87.054 5 8 1 6 1 2 4 8 16 32
805 84.78 -53.103 15 5 1 6 1 2 4 8 16 32
806 86.924 -73.159 2 2 1 6 1 2 4 8 16 32
807 -90.067 50.4 15 21 1 6 1 2 4 8 16 32
808 -87.469 -34.504 8 1 1 6 1 2 4 8 16 32
809 -81.117 -97.785 21 2 1 6 1 2 4 8 16 32
810 27.857 -34.072 8 10 1 6 1 2 4 8 16 32
811 86.382 54.933 8 19 1 6 1 2 4 8 16 32
812 -71.276 -6.169 11 9 1 6 1 2 4 8 16 32
813 -50.602 51.637 14 3 1 6 1 2 4 8 16 32
814 -98.207 -86.931 1 1 1 6 1 2 4 8 16 32
815 -37.713 8.607 3 7 1 6 1 2 4 8 16 32
816 76.394 82.615 9 20 1 6 1 2 4 8 16 32
817 67.024 44.081 3 2 1 6 1 2 4 8 16 32
818 89.911 -67.787 23 15 1 6 1 2 4 8 16 32
819 12.792 -77.573 7 16 1 6 1 2 4 8 16 32
820 32.602 79.379 20 17 1 6 1 2 4 8 16 32
821 -85.552 -74.545 17 16 1 6 1 2 4 8 16 32
822 -2.067 30.598 23 17 1 6 1 2 4 8 16 32
823 -17.588 -19.484 9 3 1 6 1 2 4 8 16 32
824 3.51 98.068 21 4 1 6 1 2 4 8 16 32
825 -87.516 11.264 23 5 1 6 1 2 4 8 16 32
826 45.812 -75.902 13 13 1 6 1 2 4 8 16 32
827 71.882 5.124 23 12 1 6 1 2 4 8 16 32
828 -31.067 58.318 15 10 1 6 1 2 4 8 16 32
829 65.082 99.021 21 15 1 6 1 2 4 8 16 32
830 -56.052 -13.811 24 12 1 6 1 2 4 8 16 32
831 -26.51 -12.784 20 3 1 6 1 2 4 8 16 32
832 -1.656 92.442 10 18 1 6 1 2 4 8 16 32
833 -29.762 -42.068 20 22 1 6 1 2 4 8 16 32
834 0.509 36.966 5 25 1 6 1 2 4 8 16 32
835 80.412 -60.601 24 22 1 6 1 2 4 8 16 32
836 -55.784 26.373 12 12 1 6 1 2 4 8 16 32
837 72.691 -52.233 12 1 1 6 1 2 4 8 16 32
838 -42.554 78.215 2 1 1 6 1 2 4 8 16 32
839 38.88 -18.445 16 1 1 6 1 2 4 8 16 32
840 -49.188 -35.911 11 17 1 6 1 2 4 8 16 32
841 85.134 19.835 3 13 1 6 1 2 4 8 16 32
842 2.279 22.286 5 7 1 6 1 2 4 8 16 32
843 -64.263 -8.569 20 1 1 6 1 2 4 8 16 32
844 21.8 4.208 14 20 1 6 1 2 4 8 16 32
845 -13.305 64.133 20 1 1 6 1 2 4 8 16 32
846 -37.673 -73.17 1 18 1 6 1 2 4 8 16 32
847 -31.692 -93.618 22 2 1 6 1 2 4 8 16 32
848 -97.364 -65.298 3 3 1 6 1 2 4 8 16 32
849 85.03 52.421 23 25 1 6 1 2 4 8 16 32
850 87.496 -55.842 24 10 1 6 1 2 4 8 16 32
851 7.713 -83.339 7 4 1 6 1 2 4 8 16 32
852 -81.234 81.319 15 10 1 6 1 2 4 8 16 32
853 63.911 -64.18 8 16 1 6 1 2 4 8 16 32
854 67.778 -33.851 4 3 1 6 1 2 4 8 16 32
855 81.622 96.369 5 16 1 6 1 2 4 8 16 32
856 -52.002 36.857 11 18 1 6 1 2 4 8 16 32
857 87.598 -44.824 24 7 1 6 1 2 4 8 16 32
858 62.311 -81.2 23 2 1 6 1 2 4 8 16 32
859 90.643 -71.205 4 2 1 6 1 2 4 8 16 32
860 74.558 -63.818 16 11 1 6 1 2 4 8 16 32
861 -73.424 29.408 3 12 1 6 1 2 4 8 16 32
862 -72.927 -66.44 2 4 1 6 1 2 4 8 16 32
863 -56.744 -12.566 4 17 1 6 1 2 4 8 16 32
864 -75.255 -62.789 16 24 1 6 1 2 4 8 16 32
865 53.461 -10.909 15 15 1 6 1 2 4 8 16 32
866 -14.406 54.799 2 8 1 6 1 2 4 8 16 32
867 -33.693 -34.059 16 18 1 6 1 2 4 8 16 32
868 -15.166 -74.484 11 17 1 6 1 2 4 8 16 32
869 -21.55 60.799 25 3 1 6 1 2 4 8 16 32
870 86.108 -10.761 15 6 1 6 1 2 4 8 16 32
871 42.287 69.491 6 4 1 6 1 2 4 8 16 32
872 73.894 -5.03 10 19 1 6 1 2 4 8 16 32
873 -29.064 57.177 3 4 1 6 1 2 4 8 16 32
874 -69.662 -46.074 20 17 1 6 1 2 4 8 16 32
875 -57.908 -71.319 9 12 1 6 1 2 4 8 16 32
876 -88.15 -61.45 17 15 1 6 1 2 4 8 16 32
877 38.336 70.675 18 8 1 6 1 2 4 8 16 32
878 75.066 92.851 14 17 1 6 1 2 4 8 16 32
879 21.153 -29.633 17 17 1 6 1 2 4 8 16 32
880 -85.024 97.27 4 17 1 6 1 2 4 8 16 32
881 44.306 -25.952 0 0 0 0
882 -32.403 14.042 0 0 0 0
883 37.663 13.769 0 0 0 0
884 -15.104 12.111 0 0 0 0
885 32.413 24.218 0 0 0 0
886 10.846 -42.185 0 0 0 0
