2 6 360 6
460 200
460 200
460 200
460 200
460 200
460 200
1 74.398 2.692 7 19 1 6 1 2 4 8 16 32
2 -28.344 -17.432 22 16 1 6 1 2 4 8 16 32
3 -50.075 39.237 5 1 1 6 1 2 4 8 16 32
4 79.59 82.393 23 14 1 6 1 2 4 8 16 32
5 61.698 -53.092 13 15 1 6 1 2 4 8 16 32
6 -63.955 -22.283 3 16 1 6 1 2 4 8 16 32
7 75.778 -69.433 11 13 1 6 1 2 4 8 16 32
8 22.586 -83.907 15 14 1 6 1 2 4 8 16 32
9 -86.788 -27.145 22 5 1 6 1 2 4 8 16 32
10 -81.831 -39.166 10 22 1 6 1 2 4 8 16 32
11 19.863 24.925 17 5 1 6 1 2 4 8 16 32
12 -63.5 16.599 18 19 1 6 1 2 4 8 16 32
13 96.287 -67.422 3 3 1 6 1 2 4 8 16 32
14 46.465 82.227 15 23 1 6 1 2 4 8 16 32
15 94.992 -93.873 21 5 1 6 1 2 4 8 16 32
16 70.484 83.028 9 14 1 6 1 2 4 8 16 32
17 8.301 -97.197 19 7 1 6 1 2 4 8 16 32
18 84.535 83.563 9 1 1 6 1 2 4 8 16 32
19 -31.382 -53.353 22 1 1 6 1 2 4 8 16 32
20 -76.44 -30.377 24 18 1 6 1 2 4 8 16 32
21 98.978 24.314 16 12 1 6 1 2 4 8 16 32
22 72.157 -61.097 12 15 1 6 1 2 4 8 16 32
23 -52.145 -54.455 6 8 1 6 1 2 4 8 16 32
24 -82.192 -24.92 5 4 1 6 1 2 4 8 16 32
25 -34.223 -7.639 12 19 1 6 1 2 4 8 16 32
26 12.413 49.052 25 12 1 6 1 2 4 8 16 32
27 65.409 32.804 13 16 1 6 1 2 4 8 16 32
28 -49.305 -60.586 21 21 1 6 1 2 4 8 16 32
29 -89.514 -7.337 24 25 1 6 1 2 4 8 16 32
30 79.734 34.981 21 10 1 6 1 2 4 8 16 32
31 -92.319 13.061 4 4 1 6 1 2 4 8 16 32
32 -22 55.634 18 9 1 6 1 2 4 8 16 32
33 57.728 78.306 10 3 1 6 1 2 4 8 16 32
34 -91.824 -57.099 10 19 1 6 1 2 4 8 16 32
35 -17.173 -57.77 12 8 1 6 1 2 4 8 16 32
36 98.536 74.341 5 25 1 6 1 2 4 8 16 32
37 80.134 -34.37 16 8 1 6 1 2 4 8 16 32
38 -81.105 63.758 25 25 1 6 1 2 4 8 16 32
39 72.739 -98.718 15 23 1 6 1 2 4 8 16 32
40 -96.412 72.897 10 19 1 6 1 2 4 8 16 32
41 19.351 83.622 25 12 1 6 1 2 4 8 16 32
42 -95.833 32.825 1 12 1 6 1 2 4 8 16 32
43 32.024 -65.238 24 16 1 6 1 2 4 8 16 32
44 -59.011 49.719 9 25 1 6 1 2 4 8 16 32
45 -21.061 -62.843 15 18 1 6 1 2 4 8 16 32
46 -51.674 -88.581 13 13 1 6 1 2 4 8 16 32
47 24.641 -77.076 5 9 1 6 1 2 4 8 16 32
48 -83.013 88.023 21 12 1 6 1 2 4 8 16 32
49 50.435 -81.865 24 5 1 6 1 2 4 8 16 32
50 -49.351 11.697 24 16 1 6 1 2 4 8 16 32
51 -64.821 -42.687 18 1 1 6 1 2 4 8 16 32
52 51.49 32.538 10 13 1 6 1 2 4 8 16 32
53 78.986 5.467 7 10 1 6 1 2 4 8 16 32
54 49.127 95.298 3 16 1 6 1 2 4 8 16 32
55 12.855 -5.226 18 17 1 6 1 2 4 8 16 32
56 -18.273 68.258 25 22 1 6 1 2 4 8 16 32
57 0.272 -24.782 10 22 1 6 1 2 4 8 16 32
58 92.088 -82.543 3 3 1 6 1 2 4 8 16 32
59 92.321 -12.63 18 4 1 6 1 2 4 8 16 32
60 87.652 -81.329 13 4 1 6 1 2 4 8 16 32
61 12.393 35.304 18 20 1 6 1 2 4 8 16 32
62 94.671 -55.65 2 23 1 6 1 2 4 8 16 32
63 -73.793 62.268 25 10 1 6 1 2 4 8 16 32
64 77.979 -47.487 16 21 1 6 1 2 4 8 16 32
65 -50.435 -72.255 8 9 1 6 1 2 4 8 16 32
66 -88.727 11.618 16 4 1 6 1 2 4 8 16 32
67 -98.309 -98.872 21 25 1 6 1 2 4 8 16 32
68 -80.669 14.506 14 5 1 6 1 2 4 8 16 32
69 -40.123 -34.209 20 11 1 6 1 2 4 8 16 32
70 18.178 45.924 10 17 1 6 1 2 4 8 16 32
71 -33.767 -26.121 7 3 1 6 1 2 4 8 16 32
72 -0.83 24.55 25 4 1 6 1 2 4 8 16 32
73 71.51 -76.041 2 4 1 6 1 2 4 8 16 32
74 -93.487 -8.037 1 4 1 6 1 2 4 8 16 32
75 -62.462 36.497 14 24 1 6 1 2 4 8 16 32
76 33.705 -24.84 5 4 1 6 1 2 4 8 16 32
77 -97.518 -51.281 4 12 1 6 1 2 4 8 16 32
78 -77.523 -69.189 7 16 1 6 1 2 4 8 16 32
79 -66.109 -92.951 2 25 1 6 1 2 4 8 16 32
80 29.145 75.018 15 25 1 6 1 2 4 8 16 32
81 -43.613 98.877 13 23 1 6 1 2 4 8 16 32
82 -13.693 -77.74 11 20 1 6 1 2 4 8 16 32
83 -29.092 -73.952 9 14 1 6 1 2 4 8 16 32
84 -59.931 79.215 11 16 1 6 1 2 4 8 16 32
85 63.509 81.027 11 8 1 6 1 2 4 8 16 32
86 89.689 -76.777 25 4 1 6 1 2 4 8 16 32
87 25.765 -63.018 13 1 1 6 1 2 4 8 16 32
88 87.684 72.051 2 22 1 6 1 2 4 8 16 32
89 60.187 -44.204 19 15 1 6 1 2 4 8 16 32
90 -23.442 91.116 3 13 1 6 1 2 4 8 16 32
91 40.372 89.616 7 5 1 6 1 2 4 8 16 32
92 -75.122 -17.393 7 6 1 6 1 2 4 8 16 32
93 73.83 75.837 20 15 1 6 1 2 4 8 16 32
94 -74.374 86.281 19 24 1 6 1 2 4 8 16 32
95 -37.843 -84.149 15 7 1 6 1 2 4 8 16 32
96 19.354 -7.134 8 12 1 6 1 2 4 8 16 32
97 50.717 81.312 11 23 1 6 1 2 4 8 16 32
98 -73.54 -59.72 6 22 1 6 1 2 4 8 16 32
99 -28.217 -93.019 9 16 1 6 1 2 4 8 16 32
100 -19.089 57.813 3 13 1 6 1 2 4 8 16 32
101 19.923 -91.844 7 19 1 6 1 2 4 8 16 32
102 47.511 -84.832 13 5 1 6 1 2 4 8 16 32
103 -16.981 69.551 2 24 1 6 1 2 4 8 16 32
104 -18.664 33.174 6 24 1 6 1 2 4 8 16 32
105 -67.235 91.064 11 2 1 6 1 2 4 8 16 32
106 28.908 73.689 18 13 1 6 1 2 4 8 16 32
107 44.676 -84.053 9 8 1 6 1 2 4 8 16 32
108 8.477 -9.628 23 16 1 6 1 2 4 8 16 32
109 -60.378 -13.467 15 3 1 6 1 2 4 8 16 32
110 -52.375 -32.332 20 24 1 6 1 2 4 8 16 32
111 -23.535 -46.021 14 8 1 6 1 2 4 8 16 32
112 16.938 -65.821 3 8 1 6 1 2 4 8 16 32
113 83.435 -63.765 8 13 1 6 1 2 4 8 16 32
114 -60.326 -81.289 21 13 1 6 1 2 4 8 16 32
115 -51.889 -69.908 15 22 1 6 1 2 4 8 16 32
116 -15.767 -87.689 8 15 1 6 1 2 4 8 16 32
117 97.014 54.023 15 3 1 6 1 2 4 8 16 32
118 65.406 -79.043 11 6 1 6 1 2 4 8 16 32
119 -43.499 74.997 7 16 1 6 1 2 4 8 16 32
120 60.211 86.287 18 7 1 6 1 2 4 8 16 32
121 -0.885 -96.702 12 7 1 6 1 2 4 8 16 32
122 37.168 75.667 3 20 1 6 1 2 4 8 16 32
123 -15.723 -86.624 20 20 1 6 1 2 4 8 16 32
124 -11.834 23.295 7 17 1 6 1 2 4 8 16 32
125 -55.227 -43.313 25 4 1 6 1 2 4 8 16 32
126 -47.345 32.97 7 13 1 6 1 2 4 8 16 32
127 -69.543 2.916 24 3 1 6 1 2 4 8 16 32
128 -29.019 40.365 4 15 1 6 1 2 4 8 16 32
129 -2.71 93.995 20 14 1 6 1 2 4 8 16 32
130 -43.454 90.189 17 2 1 6 1 2 4 8 16 32
131 88.091 11.886 3 23 1 6 1 2 4 8 16 32
132 7.563 -98.034 1 18 1 6 1 2 4 8 16 32
133 -54.865 -79.097 1 13 1 6 1 2 4 8 16 32
134 -77.274 -43.105 9 8 1 6 1 2 4 8 16 32
135 -84.757 81.79 20 12 1 6 1 2 4 8 16 32
136 -2.629 -67.495 1 21 1 6 1 2 4 8 16 32
137 50.528 78.183 1 6 1 6 1 2 4 8 16 32
138 37.707 98.965 8 23 1 6 1 2 4 8 16 32
139 -95.286 62.158 20 23 1 6 1 2 4 8 16 32
140 -59.416 -6.597 14 18 1 6 1 2 4 8 16 32
141 13.186 91.277 4 21 1 6 1 2 4 8 16 32
142 -18.092 -60.229 14 19 1 6 1 2 4 8 16 32
143 75.747 12.289 17 23 1 6 1 2 4 8 16 32
144 -84.96 -86.749 23 17 1 6 1 2 4 8 16 32
145 -40.311 -76.732 5 16 1 6 1 2 4 8 16 32
146 97.655 61.4 22 1 1 6 1 2 4 8 16 32
147 -58.494 -74.726 14 5 1 6 1 2 4 8 16 32
148 57.07 84.299 15 23 1 6 1 2 4 8 16 32
149 -76.258 -98.432 13 25 1 6 1 2 4 8 16 32
150 -19.787 -16.937 20 15 1 6 1 2 4 8 16 32
151 -56.943 -91.321 21 8 1 6 1 2 4 8 16 32
152 61.143 -50.147 21 23 1 6 1 2 4 8 16 32
153 41.27 -93.797 21 7 1 6 1 2 4 8 16 32
154 0.765 68.327 5 13 1 6 1 2 4 8 16 32
155 22.652 -12.459 3 3 1 6 1 2 4 8 16 32
156 -49.373 -11.169 8 11 1 6 1 2 4 8 16 32
157 82.417 -12.685 13 1 1 6 1 2 4 8 16 32
158 -44.852 -24.038 20 5 1 6 1 2 4 8 16 32
159 -23.094 -82.944 7 12 1 6 1 2 4 8 16 32
160 -96.489 -68.407 13 8 1 6 1 2 4 8 16 32
161 -0.725 -52.985 15 11 1 6 1 2 4 8 16 32
162 77.578 22.849 14 25 1 6 1 2 4 8 16 32
163 -65.714 0.841 11 13 1 6 1 2 4 8 16 32
164 -53.707 -43.512 5 1 1 6 1 2 4 8 16 32
165 -15.875 -57.184 23 14 1 6 1 2 4 8 16 32
166 -51.839 -70.497 7 20 1 6 1 2 4 8 16 32
167 -98.22 42.876 24 1 1 6 1 2 4 8 16 32
168 -89.776 -62.296 3 13 1 6 1 2 4 8 16 32
169 -81.043 -26.338 9 7 1 6 1 2 4 8 16 32
170 -49.509 -87.155 21 24 1 6 1 2 4 8 16 32
171 -12.5 42.259 20 25 1 6 1 2 4 8 16 32
172 85.553 10.064 16 13 1 6 1 2 4 8 16 32
173 -16.781 -37.596 9 18 1 6 1 2 4 8 16 32
174 -39.146 93.141 6 24 1 6 1 2 4 8 16 32
175 -67.551 -35.844 16 22 1 6 1 2 4 8 16 32
176 28.793 83.633 21 16 1 6 1 2 4 8 16 32
177 -51.802 43.962 15 23 1 6 1 2 4 8 16 32
178 19.754 63.128 22 2 1 6 1 2 4 8 16 32
179 5.154 32.394 24 16 1 6 1 2 4 8 16 32
180 49.076 45.315 2 7 1 6 1 2 4 8 16 32
181 -67.541 90.141 25 15 1 6 1 2 4 8 16 32
182 -76.329 -17.343 5 8 1 6 1 2 4 8 16 32
183 88.549 28.026 20 9 1 6 1 2 4 8 16 32
184 11.451 -67.094 9 11 1 6 1 2 4 8 16 32
185 67.156 -39.168 17 4 1 6 1 2 4 8 16 32
186 74.817 -17.028 2 18 1 6 1 2 4 8 16 32
187 -94.906 -31.706 19 5 1 6 1 2 4 8 16 32
188 69.783 45.476 23 8 1 6 1 2 4 8 16 32
189 -99.324 90.437 13 15 1 6 1 2 4 8 16 32
190 2.646 -18.594 23 11 1 6 1 2 4 8 16 32
191 -98.794 97.084 6 24 1 6 1 2 4 8 16 32
192 -8.744 35.989 21 10 1 6 1 2 4 8 16 32
193 -70.657 -56.623 2 24 1 6 1 2 4 8 16 32
194 -8.899 -70.758 12 16 1 6 1 2 4 8 16 32
195 -31.421 -20.414 11 18 1 6 1 2 4 8 16 32
196 90.593 91.792 3 21 1 6 1 2 4 8 16 32
197 -69.661 40.475 19 20 1 6 1 2 4 8 16 32
198 35.422 -75.577 4 6 1 6 1 2 4 8 16 32
199 -13.872 52.023 17 17 1 6 1 2 4 8 16 32
200 -80.864 -18.014 9 17 1 6 1 2 4 8 16 32
201 -49.906 62.928 3 7 1 6 1 2 4 8 16 32
202 44.92 -84.784 14 17 1 6 1 2 4 8 16 32
203 -79.066 -41.935 18 11 1 6 1 2 4 8 16 32
204 44.448 -72.234 16 9 1 6 1 2 4 8 16 32
205 38.066 52.314 16 20 1 6 1 2 4 8 16 32
206 -67.918 -43.582 23 5 1 6 1 2 4 8 16 32
207 87.472 70.413 18 15 1 6 1 2 4 8 16 32
208 35.435 -5.409 21 25 1 6 1 2 4 8 16 32
209 78.102 -87.657 3 6 1 6 1 2 4 8 16 32
210 -69.842 -91.787 6 18 1 6 1 2 4 8 16 32
211 86.062 -87.463 18 3 1 6 1 2 4 8 16 32
212 -12.736 -80.323 9 13 1 6 1 2 4 8 16 32
213 -38.426 -31.846 16 13 1 6 1 2 4 8 16 32
214 -49.366 10.733 2 6 1 6 1 2 4 8 16 32
215 10.482 41.389 16 13 1 6 1 2 4 8 16 32
216 4.337 97.717 9 20 1 6 1 2 4 8 16 32
217 62.209 74.82 8 8 1 6 1 2 4 8 16 32
218 -37.401 95.287 12 23 1 6 1 2 4 8 16 32
219 -31.234 84.347 10 14 1 6 1 2 4 8 16 32
220 75.098 56.919 17 9 1 6 1 2 4 8 16 32
221 -40.335 18.837 24 5 1 6 1 2 4 8 16 32
222 77.002 18.75 17 19 1 6 1 2 4 8 16 32
223 -10.169 59.236 22 15 1 6 1 2 4 8 16 32
224 98.485 -65.939 15 1 1 6 1 2 4 8 16 32
225 -52.459 -11.012 17 10 1 6 1 2 4 8 16 32
226 -21.474 -95.484 15 18 1 6 1 2 4 8 16 32
227 15.295 86.941 24 11 1 6 1 2 4 8 16 32
228 19.363 -72.907 25 14 1 6 1 2 4 8 16 32
229 -30.405 63.795 9 9 1 6 1 2 4 8 16 32
230 58.593 -82.985 15 5 1 6 1 2 4 8 16 32
231 -67.986 16.297 16 7 1 6 1 2 4 8 16 32
232 -31.951 -79.813 12 19 1 6 1 2 4 8 16 32
233 -86.817 97.642 20 19 1 6 1 2 4 8 16 32
234 16.247 -10.061 14 2 1 6 1 2 4 8 16 32
235 -57.99 81.81 11 24 1 6 1 2 4 8 16 32
236 -78.809 40.467 13 1 1 6 1 2 4 8 16 32
237 -86.391 -68.107 13 22 1 6 1 2 4 8 16 32
238 13.192 16.269 10 14 1 6 1 2 4 8 16 32
239 -91.165 48.88 16 14 1 6 1 2 4 8 16 32
240 -15.488 -64.646 6 2 1 6 1 2 4 8 16 32
241 -18.252 65.455 22 20 1 6 1 2 4 8 16 32
242 -67.752 1.392 12 9 1 6 1 2 4 8 16 32
243 -85.39 64.069 25 14 1 6 1 2 4 8 16 32
244 -68.14 79.243 7 3 1 6 1 2 4 8 16 32
245 43.244 75.441 1 12 1 6 1 2 4 8 16 32
246 -53.04 73.969 6 7 1 6 1 2 4 8 16 32
247 34.769 -35.124 18 2 1 6 1 2 4 8 16 32
248 80.289 59.159 22 23 1 6 1 2 4 8 16 32
249 -63.871 63.521 21 24 1 6 1 2 4 8 16 32
250 89.372 87.509 1 12 1 6 1 2 4 8 16 32
251 -0.248 96.123 2 22 1 6 1 2 4 8 16 32
252 55.39 -97.293 25 5 1 6 1 2 4 8 16 32
253 -44.258 -60.83 5 17 1 6 1 2 4 8 16 32
254 41.174 -80.199 4 13 1 6 1 2 4 8 16 32
255 -81.241 25.64 3 18 1 6 1 2 4 8 16 32
256 -89.674 7.85 10 25 1 6 1 2 4 8 16 32
257 -91.676 46.272 13 19 1 6 1 2 4 8 16 32
258 -73.38 -65.62 19 13 1 6 1 2 4 8 16 32
259 -25.887 -60.834 8 19 1 6 1 2 4 8 16 32
260 -76.044 -90.242 9 15 1 6 1 2 4 8 16 32
261 65.403 96.59 4 7 1 6 1 2 4 8 16 32
262 -14.491 79.658 23 17 1 6 1 2 4 8 16 32
263 30.821 -11.012 23 2 1 6 1 2 4 8 16 32
264 45.616 56.096 11 14 1 6 1 2 4 8 16 32
265 79.954 -65.261 16 5 1 6 1 2 4 8 16 32
266 -80.909 99.697 5 23 1 6 1 2 4 8 16 32
267 -61.495 56.748 6 10 1 6 1 2 4 8 16 32
268 91.835 32.607 23 6 1 6 1 2 4 8 16 32
269 -52.159 -46.33 5 24 1 6 1 2 4 8 16 32
270 13.637 -77.285 22 4 1 6 1 2 4 8 16 32
271 97.917 71.538 9 4 1 6 1 2 4 8 16 32
272 33.86 -56.973 12 16 1 6 1 2 4 8 16 32
273 -91.274 15.887 19 7 1 6 1 2 4 8 16 32
274 3.389 46.365 4 13 1 6 1 2 4 8 16 32
275 -56.96 87.374 18 22 1 6 1 2 4 8 16 32
276 69.748 5.51 25 4 1 6 1 2 4 8 16 32
277 80.282 -29.594 13 16 1 6 1 2 4 8 16 32
278 22.879 -8.667 1 17 1 6 1 2 4 8 16 32
279 -98.36 -5.213 19 6 1 6 1 2 4 8 16 32
280 -92.319 17.497 16 22 1 6 1 2 4 8 16 32
281 -64.001 -25.659 1 1 1 6 1 2 4 8 16 32
282 5.152 53.556 24 3 1 6 1 2 4 8 16 32
283 24.457 -81.058 20 13 1 6 1 2 4 8 16 32
284 87.985 35.007 18 14 1 6 1 2 4 8 16 32
285 75.092 -28.896 18 13 1 6 1 2 4 8 16 32
286 -49.666 -43.556 14 22 1 6 1 2 4 8 16 32
287 -31.422 84.764 19 24 1 6 1 2 4 8 16 32
288 20.193 -14.287 3 3 1 6 1 2 4 8 16 32
289 -89.661 85.251 23 1 1 6 1 2 4 8 16 32
290 93.359 17.904 15 10 1 6 1 2 4 8 16 32
291 57.392 39.208 10 23 1 6 1 2 4 8 16 32
292 -68.251 -9.958 9 15 1 6 1 2 4 8 16 32
293 -71.557 -36.715 16 5 1 6 1 2 4 8 16 32
294 -14.524 89.167 17 24 1 6 1 2 4 8 16 32
295 8.039 53.054 1 15 1 6 1 2 4 8 16 32
296 60.93 37.364 12 11 1 6 1 2 4 8 16 32
297 -98.054 -62.054 6 13 1 6 1 2 4 8 16 32
298 -18.945 -64.643 8 11 1 6 1 2 4 8 16 32
299 -54.479 -87.044 25 15 1 6 1 2 4 8 16 32
300 -26.151 -94.12 15 22 1 6 1 2 4 8 16 32
301 41.159 -70.376 1 14 1 6 1 2 4 8 16 32
302 -8.113 45.164 1 9 1 6 1 2 4 8 16 32
303 5.719 -69.297 7 17 1 6 1 2 4 8 16 32
304 16.737 13.999 14 1 1 6 1 2 4 8 16 32
305 -68.07 -37.383 4 22 1 6 1 2 4 8 16 32
306 90.854 -12.755 10 21 1 6 1 2 4 8 16 32
307 82.599 56.945 14 21 1 6 1 2 4 8 16 32
308 -73.608 53.311 12 4 1 6 1 2 4 8 16 32
309 86.904 51.033 19 9 1 6 1 2 4 8 16 32
310 -38.314 -2.919 4 9 1 6 1 2 4 8 16 32
311 -31.951 90.2 15 21 1 6 1 2 4 8 16 32
312 -66.08 92.757 7 19 1 6 1 2 4 8 16 32
313 -61 -76.207 2 19 1 6 1 2 4 8 16 32
314 -70.4 51.207 11 3 1 6 1 2 4 8 16 32
315 -45.384 -37.226 13 7 1 6 1 2 4 8 16 32
316 -29.071 -16.73 5 11 1 6 1 2 4 8 16 32
317 0.891 14.371 23 14 1 6 1 2 4 8 16 32
318 -50.982 -0.558 18 6 1 6 1 2 4 8 16 32
319 -86.846 -40.739 24 25 1 6 1 2 4 8 16 32
320 -56.905 -90.4 6 7 1 6 1 2 4 8 16 32
321 -98.436 60.291 1 17 1 6 1 2 4 8 16 32
322 16.876 -25.749 3 5 1 6 1 2 4 8 16 32
323 -76.032 -6.08 24 5 1 6 1 2 4 8 16 32
324 58.256 70.29 2 17 1 6 1 2 4 8 16 32
325 -43.192 94.758 9 18 1 6 1 2 4 8 16 32
326 -80.935 -67.892 7 10 1 6 1 2 4 8 16 32
327 48.066 -82.159 2 23 1 6 1 2 4 8 16 32
328 23.805 22.964 6 6 1 6 1 2 4 8 16 32
329 -25.54 84.101 6 1 1 6 1 2 4 8 16 32
330 90.076 23.883 20 9 1 6 1 2 4 8 16 32
331 -49.712 76.162 6 17 1 6 1 2 4 8 16 32
332 -74.976 16.511 13 14 1 6 1 2 4 8 16 32
333 9.806 -64.46 21 6 1 6 1 2 4 8 16 32
334 -39.537 17.082 13 22 1 6 1 2 4 8 16 32
335 -0.326 21.885 6 3 1 6 1 2 4 8 16 32
336 55.316 -50.975 19 1 1 6 1 2 4 8 16 32
337 54.429 -37.561 9 21 1 6 1 2 4 8 16 32
338 -73.911 29.639 3 12 1 6 1 2 4 8 16 32
339 35.748 -82.187 15 23 1 6 1 2 4 8 16 32
340 58.624 36.732 19 19 1 6 1 2 4 8 16 32
341 -97.904 -67.77 21 16 1 6 1 2 4 8 16 32
342 82.049 11.889 3 8 1 6 1 2 4 8 16 32
343 27.552 -71.304 9 9 1 6 1 2 4 8 16 32
344 -68.397 26.445 15 5 1 6 1 2 4 8 16 32
345 -1.506 26.509 12 2 1 6 1 2 4 8 16 32
346 18.466 -52.826 24 18 1 6 1 2 4 8 16 32
347 -17.836 83.8 6 25 1 6 1 2 4 8 16 32
348 78.547 30.537 3 22 1 6 1 2 4 8 16 32
349 -81.505 79.09 22 7 1 6 1 2 4 8 16 32
350 -81.554 74.666 24 9 1 6 1 2 4 8 16 32
351 -47.398 -83.47 6 1 1 6 1 2 4 8 16 32
352 -2.507 -72.084 7 17 1 6 1 2 4 8 16 32
353 -16.36 99.113 15 16 1 6 1 2 4 8 16 32
354 -49.633 -42.145 1 20 1 6 1 2 4 8 16 32
355 77.193 -90.581 5 11 1 6 1 2 4 8 16 32
356 -37.834 -84.422 21 18 1 6 1 2 4 8 16 32
357 74.247 -48.119 4 4 1 6 1 2 4 8 16 32
358 16.36 -18.325 24 3 1 6 1 2 4 8 16 32
359 73.656 -39.008 20 21 1 6 1 2 4 8 16 32
360 -21.892 84.581 4 8 1 6 1 2 4 8 16 32
361 44.306 -25.952 0 0 0 0
362 -32.403 14.042 0 0 0 0
363 37.663 13.769 0 0 0 0
364 -15.104 12.111 0 0 0 0
365 32.413 24.218 0 0 0 0
366 10.846 -42.185 0 0 0 0
